geneid	Bd21_D2_mock_R1	Bd21_D2_mock_R2	Bd21_D2_mock_R3	Bd21_D2_treated_R1	Bd21_D2_treated_R2	Bd21_D2_treated_R3	Bd21_D4_mock_R1	Bd21_D4_mock_R2	Bd21_D4_mock_R3	Bd21_D4_treated_R1	Bd21_D4_treated_R2	Bd21_D4_treated_R3	Bd21_D6_mock_R1	Bd21_D6_mock_R2	Bd21_D6_mock_R3	Bd21_D6_treated_R1	Bd21_D6_treated_R2	Bd21_D6_treated_R3
BdiBd21-3.1G0451900	0	0	0	0	0	0	0	0	0	0	0	0	0	0	0	0	0	0
BdiBd21-3.3G0053500	2.91671367629297	3.83401669838588	3.17876378612863	1.69648188768883	2.06653664961278	1.6990064294513	2.18229310315637	1.68251421214738	2.89335428707776	2.41697842692115	2.49564873729381	2.97365632531059	4.25290186688259	2.47922283811243	3.90142253537456	2.80321744428773	2.84972048528517	2.72495634217665
BdiBd21-3.3G0053600	1.71305752733253	0.930447469780188	0.446925873429715	1.487042486116	1.34193942392353	1.43577229102038	1.53805715971102	1.67409637994151	1.0847947851398	2.16778454265271	2.34520920705947	2.70990950494629	1.68050142052732	0.822272990501747	0.69581284188135	4.50365042302627	2.72534790504248	3.64248448761287
BdiBd21-3.3G0053700	6.1866087915583	2.71628888729688	2.52429667598559	4.03541005803883	5.26555403725315	4.85525877590643	3.0014076133487	3.49089285439137	2.62061213239995	6.052818738829	6.51694542281359	6.38468356273341	2.47178126251996	2.22267706007918	2.4297985022238	6.90433733514962	6.67279028874998	5.16054810962096
BdiBd21-3.3G0053800	12.3951455659855	8.49128323996937	7.31570629063366	8.1699335442964	9.56733831226935	12.0191605748772	9.90017995178309	10.2921121796392	8.15664739986909	16.407906671566	14.4631968711381	16.1937112110922	10.7887346705514	5.69029813064558	8.64829498819641	18.5713286115448	17.526434684524	17.1756461930214
BdiBd21-3.3G0054200	13.7936250941355	8.64991572196814	9.12166999497781	9.69418221536476	11.790135411475	12.9403777366428	10.5477499985891	13.339934110597	7.88334211551623	15.6592968504751	15.2511867279066	18.3977615640711	9.70638368661721	5.83076482296813	7.10353348421972	21.3970359050219	18.8136886407176	20.5059845951677
BdiBd21-3.3G0054400	10.7458671921183	11.7122364235368	11.4312120912881	13.0771866254265	15.0876440533658	18.0126364665709	14.1820689188041	13.490192063817	11.5939708525413	21.3585993066003	17.0375880953742	22.0668372313021	9.93008461560564	11.3378814609386	11.87253864514	21.392757597977	23.3741003020663	21.8228112360924
BdiBd21-3.3G0055700	1.27337352239339	2.23519946089796	1.71963904705535	1.64000398245183	1.80915802823111	1.70703906986209	1.45888547050977	1.81013855188043	1.29063565608009	0.713374662214793	0.726363840942939	0.946375778661413	1.13269055098834	1.38303417583329	1.2051480531713	0.858922029288128	0.742851787297466	1.15360626052995
BdiBd21-3.1G0161700	0.775794345824214	0.955111731985676	0.83814291791246	2.29484838089045	2.42545707213811	1.70362264343881	0.986767446186141	0.971755710254361	1.26702057758805	1.33283088346159	1.14468364519443	1.24184985338155	1.3422813884526	1.54355351125929	1.94227894718353	1.12730208050318	1.31872991144087	1.82735003992817
BdiBd21-3.1G0626100	0	0	0	0	0	0	0	0	0	0	0	0	0	0	0	0	0	0
BdiBd21-3.1G0729200	11.6214950147835	26.7538238386508	25.0641534048942	22.2599245675871	12.9344666770501	12.3227956195125	20.5889877188341	18.1936660052978	29.0197706164223	7.5927931697527	7.39868070098498	6.89377849169015	33.9762120436146	21.1264187125642	25.3950155677556	6.59384550404623	8.44901402460728	6.16788382473047
BdiBd21-3.1G0973100	0.22456888593603	0.0545675959720712	0.18145862530229	0.212132457885274	0.241178053147547	0.149392751115145	0.265299554306634	0.210385903816495	0.293628663646862	0.158916536021533	0.097086060053413	0.0973022593459311	0.344351319252904	0.535816986291865	0.515457712703557	0.0900422247939292	0.0807234512771754	0.208800908499036
BdiBd21-3.1G1047600	1.56528752597009	1.06172538281616	1.12626554706148	1.71608300044013	1.71292492742511	1.73893237332057	1.26551063181618	1.49654570823303	1.12112941710062	1.99487078942316	1.49292725529994	1.90339518454379	1.1924479227066	0.840760251568123	1.45586545616669	1.82731063630777	1.89490311292127	2.07669127119033
BdiBd21-3.3G0261100	0.27988826517703	0.306893112359048	0.286467306126266	0.251168883475931	0.172838598287586	0.313566863743986	0.345531715687218	0.435926627650604	0.376633777318105	0.446880511008115	0.392751813127813	0.153610312369518	0.442866691867008	0.555115356197666	0.381444863121878	0.310950834383624	0.305849947976593	0.399362274787672
BdiBd21-3.3G0716500	0.0578730352561872	0.0445311434953164	0.032907442341727	0	0	0	0.0433007623356502	0.114460174948752	0	0	0	0	0.0581412052106871	0	0.105162784621838	0	0	0
BdiBd21-3.4G0004600	3.54599505017968	3.72713032599027	3.66072469024561	6.63327914877921	5.47642817907399	6.10594446793692	3.55533792283624	4.36556587985925	4.52734554216739	4.67154647399148	5.14832686045727	4.4867752885227	3.99361340367128	3.26601564690967	5.49649931677936	4.96942805453983	4.80176416857988	4.99924244680865
BdiBd21-3.5G0324400	434.511362334046	453.184151586294	439.321093764165	424.759931155867	423.08889570194	366.666115204227	509.976837490978	517.562514735964	482.073412795244	427.653682134322	520.531456704373	481.998531825061	644.786042845771	427.212504373327	547.682973674259	494.729621099272	501.322156549026	487.424305822585
BdiBd21-3.1G0033500	26.2780194991686	33.5318873956372	23.7140458521153	46.1364136283599	37.3465517721754	27.042484500104	22.5641400441655	21.1674695694994	26.342628638062	22.555505932005	29.9068601544809	29.271175744511	26.9757061528568	20.5584790601739	47.9551762971615	30.4405598718402	29.8816804912151	30.0756830642877
BdiBd21-3.1G0060500	4.31579901205432	3.54069345371463	4.21972685956143	4.45322254596328	4.02937850273211	4.86405604124197	4.30358154172526	4.68422791331044	4.32728335080147	6.04032539521627	6.57748429802722	5.91125414493422	5.45373819768353	4.14138961956742	7.62376208544219	6.48213507102737	5.43298773499387	6.87634140917163
BdiBd21-3.1G0385900	9.45250625008405	7.44342959524456	5.78884862405251	9.10098313921477	10.1097246938516	10.6224090023614	6.18712599480379	6.55738809417419	5.27581857578176	13.6794934234243	11.2852572452686	14.0933859178453	6.16541522691166	4.06707467845912	7.51320950629121	15.2539920874318	17.3338930925516	15.2304549461833
BdiBd21-3.1G0707000	4.57262972379384	7.84760469848124	4.50224719613776	9.01043796249362	5.84399540409949	4.19337858466123	3.8275786945155	4.05997994670345	5.2391529739335	4.83741038496874	4.84742593707536	4.58997527878091	5.97960184820134	3.49593043248597	10.164288544102	5.65414288390437	4.80687338927798	4.5164625539634
BdiBd21-3.1G0720500	18.3711665956405	31.6929177226762	18.9884323191835	40.9713681056104	22.5551309869227	15.3012522883336	15.7624269081399	15.7698765696027	21.5594044041428	9.70124944049161	19.257235885754	12.856802941022	23.3160876882	18.4553525861099	44.8791037102259	14.6303555099054	13.3488378091813	16.2050250449243
BdiBd21-3.2G0426100	16.9050757053635	30.7689859252867	19.1762380576238	40.6936379876163	23.111027162662	15.6973564671732	15.4760952565506	14.2927865470683	19.1722161403569	9.86049388013144	15.4338048339213	14.9099683974685	18.5860241805199	14.1236996285484	35.3488862035979	14.0013914550203	13.30791799439	14.7961590475851
BdiBd21-3.2G0638500	5.97379970981022	40.3321444500095	19.7076068310119	22.5143809832549	11.0772505577208	7.1539079406299	4.74845143944518	3.47942385730482	9.59877344830585	2.48697284385484	2.20587618946359	2.84244225114301	7.14671760369499	4.81999273037765	28.5421157189965	1.25255166275841	1.28761592734835	2.74072225463533
BdiBd21-3.3G0369400	2.05755926645264	12.0870288648585	7.3102195043682	11.1210433262249	4.26707801649865	2.16858699318497	1.84736572520423	1.09452857299629	3.61335541708057	0.906256359950626	0.87419135645849	0.467273641755493	2.76562855732626	1.89769695672306	10.8555608029119	0.414391816799861	0.368274531769014	0.867740590929716
BdiBd21-3.4G0429400	2.65821477442352	20.5610607357861	9.4725895445088	13.0304954171723	5.02208637899466	3.07042706251408	2.06177454104619	0.867052508592034	3.80322352224783	0.959011193801074	0.68591269981161	0.744726826039053	3.22980609563501	2.30287337417638	14.9461727691746	0.318074013259315	0.30416582496355	0.869976617213116
BdiBd21-3.2G0263400	0.0631668770960214	0.0486045574707128	0.143670388583744	0.104972802356565	0.0452258093782071	0.145164445100689	0.0472616291941873	0.0624651167108432	0.13077075325599	0.141550452617677	0.0864766882507777	0.144448769523403	0.211531924870854	0.0954527940623829	0.114782379425535	0.106936785756571	0.0287608611443605	0.171677132266265
BdiBd21-3.3G0022600	8.44331787199155	11.6266272705056	9.09168388046024	12.2356107512934	8.57604209902213	9.87019910327532	6.04324339403833	7.06358166886781	7.81089237450189	7.81860099513557	6.69473080519214	5.75470926536232	6.49523232101389	6.18570181743651	6.58966325257831	5.74391693638913	6.07928105114568	5.32621920050894
BdiBd21-3.3G0158700	0.093577161907282	0.162009310799839	0.0399069926910018	0.0466528853740028	0	0	0	0	0	0	0.0640544810007576	0	0.0705080822536862	0	0.0425104492948048	0.0297035845009858	0	0.0317909075539647
BdiBd21-3.3G0784000	10.8808675614526	7.47101161987365	6.70636643346105	13.3834566640227	11.4084054745965	13.1643565128107	7.08631782722791	5.65488272833689	6.74136796236598	14.2493141129526	10.9274458184148	10.7610773251324	10.0336447529554	8.64121264694874	11.4013391703855	13.3615800705836	11.9064205877103	12.6815947770336
BdiBd21-3.3G0802000	16.7054856578841	16.3150077632502	16.3649536562346	21.4729968421497	20.8439521134174	25.4073375570243	18.8978280667222	18.0754807903988	18.5306368041137	26.1401449548661	21.4748757942966	21.0363091777041	23.4826978082268	29.3788048359571	26.7326280866182	24.2490098002015	20.7911365508779	24.1766628050435
BdiBd21-3.1G0225500	6.52671091277372	2.19715158844929	2.08753983918436	4.02217096669431	2.53118232431364	2.08320846907271	11.597844271328	7.66436439406314	5.81761253971595	2.05673703542426	2.23379867287452	2.67409006905469	14.7986812348557	7.49972334445206	7.49478353759074	5.9850007251916	3.46699843454409	6.03602470498939
BdiBd21-3.1G0897900	26.1601915827089	22.7002324348888	19.495183047998	39.0318376673769	35.0881744497816	34.9021790046703	18.7492938627097	16.3890619073049	16.8997926910291	30.1513408698277	35.8917822403442	30.3454315929586	15.8108057455849	30.0356906969393	20.767011858594	27.4786591582463	26.5018585785187	26.5460632901905
BdiBd21-3.2G0497000	15.3841456723934	7.04013506020384	6.45372204650708	13.1454180229519	16.1695474625966	14.7938684448583	6.23904461297714	5.8409654596265	5.51461715572414	16.8694733783026	21.8011123846356	21.0021589113106	7.60166801544284	10.5006649640594	10.2770507120413	23.4789977650814	21.462148761243	18.0728786356388
BdiBd21-3.2G0800700	4.71927606771589	3.64631243081574	2.72780294064273	9.35284482871206	8.04228468420117	9.36649607551394	4.6398764835465	5.84320058924084	3.91609276293582	7.04663208203348	10.8124642267202	9.73950963982168	4.85869310327872	4.8623162312776	3.93340633785107	7.32910108588924	7.00566715226608	7.92363120818173
BdiBd21-3.1G0413500	3.32150186665691	3.09955313370525	1.86856179318805	4.05175449797655	3.60510944027844	2.92334451613953	7.77272423377957	10.273114463095	5.92533467343628	1.66282979618365	2.4670983697948	3.4422363518959	6.21230064995586	8.6500954724493	3.6598839939746	7.35782541076503	5.93670531986577	6.09822461048187
BdiBd21-3.3G0078900	23.089685415601	37.0710673798635	19.2371150038385	51.7032668730382	19.5083131439386	16.3206579778864	42.0546066754091	36.949500036495	23.1987509366939	16.9139858527802	15.9761132658825	25.1192571031243	39.258673760936	32.5993754313003	24.1884691871987	34.5277031997589	31.4417842724598	35.0626777823798
BdiBd21-3.1G0072600	14.8733700608401	8.77279042935606	7.86785988169674	16.7076974308786	13.6914925556069	18.8767665727241	14.4241326910714	9.89083473455239	10.9075519604716	29.7876822423439	17.8314730298102	17.8000761359883	21.2767098956954	10.8853281599755	19.4618328706663	25.0478999176753	17.579083889668	23.897202202298
BdiBd21-3.1G0120600	0.178288437797069	0.102889730579427	0.152066064818409	0.133328526146657	0.287212038395627	0.204863239489723	0	0.264461579878134	0	0.0749111230053094	0.488160705828733	0.183467918469351	0.582122398781874	0.404123101832578	0.72893955066714	0.282964644883181	0.365298738435218	0.423988694452426
BdiBd21-3.1G0740500	4.95779002028004	3.41091095980596	3.21705737308593	4.07104477121106	3.77932920870456	3.86487015567648	4.84408175352586	4.61431607244383	4.42753346695066	5.29353857805121	4.36517279121603	3.81469374009607	6.79727690094511	3.70184075723924	6.32392624961886	5.03590001847483	4.08980313070428	4.59716662266789
BdiBd21-3.5G0012500	5.68955422525075	2.94194873707617	1.66934388740802	3.40383207641361	3.61733015024548	4.81168193428616	0.84287410836731	1.11401639023877	0.51826530518861	0.841480453758794	4.25285451782175	2.7634855219446	0.217204894395551	0.309513773967112	0.041354621400843	0.577919317091921	1.36780643445164	0.943259351868208
BdiBd21-3.1G0153800	15.4334892890865	15.4610120740554	14.8655848078237	17.4208035978304	15.2640048712501	17.3558334832816	14.4620196157425	15.839340957296	17.5137545424966	17.7146300195352	18.5276162158503	16.5736312198838	17.4671232820261	16.5290142295243	24.0327560289452	20.6335470330419	18.3700385186065	21.3190182081543
BdiBd21-3.2G0225300	12.5328745050371	12.7719091354509	12.7939138815076	14.7686226290295	12.0601295583218	14.5234045756677	13.6333301029995	12.7665018672571	13.7112100885582	14.6164433907521	14.8124459880043	13.8107499771506	18.2811684205253	12.8755840531027	19.1097796332979	17.5260592656192	15.1150889673023	17.7440204560216
BdiBd21-3.3G0443300	13.6613674648109	11.3443644693612	9.67897787103731	10.8560847721685	8.99835316293498	12.8940374194012	15.4484593721639	15.5013210539926	15.2491152653937	19.788013927605	14.590295367452	18.902240970101	23.4718467985761	16.4090938081336	21.060018182471	25.777513219568	23.4398501751188	23.8979064420485
BdiBd21-3.3G0600100	0.428895325408376	0.360020690666309	0.199534963455009	0.505406258218364	0.209371147166806	0.313615503647153	1.13773866335408	0.809703603002563	0.322879028607852	0.327651191366236	0.160136202501894	0.588473625967633	1.1751347042281	0.353516034633943	0.566805990597397	0.693083638356336	0.852142731643194	0.847757534772391
BdiBd21-3.5G0119800	0.123092571168145	0.0568290872489885	0.0419953265331207	0.0245471159674136	0.079317915874728	0.113152117762467	0.0552589178622641	0.0730350352375443	0.254831471681044	0	0	0	0.074197771813944	0	0	0.0625159475173537	0	0.0669090529497117
BdiBd21-3.1G0758200	10.3510061902076	9.65854797204878	10.1651611906738	10.5548294997469	10.0289541346231	10.9751939668672	10.9111045675345	11.5273711149213	11.7407594377122	12.6398952807204	12.886461629483	12.9809773111523	15.5877459091003	7.52682619233156	15.9519125056597	14.7397528451762	13.1341995300239	14.5514518834887
BdiBd21-3.2G0655900	2.75142849663495	2.37399357809605	2.43400983198689	2.97162218087622	2.71783689131768	2.87694222223256	2.4776030599414	2.74748406243319	2.52479868977461	3.46592550714741	3.32079272632697	3.55351454918724	3.5918085499391	1.745274994794	3.639704182479	3.86606296844379	3.80611072771882	3.59628333984472
BdiBd21-3.4G0097700	6.78105990187084	6.26612903970621	5.75414357551448	7.40780491628004	7.41290084424786	7.42930901543072	6.81668731859206	7.29196154465014	6.94744802850221	8.01733966968814	9.44477137761829	8.8902448548471	9.06589465302173	5.39067741920065	8.77537458530535	9.631080907798	9.57037108498712	9.62476523509901
BdiBd21-3.4G0227300	9.28131439347828	7.77608238442389	8.16361609884827	10.9441505687896	9.46047465539142	10.3790789549769	8.41686927045218	9.32980669811541	9.68448713776972	10.006941325296	11.4129807604005	10.2104172238637	10.560626977109	6.57430735575275	11.2109387685569	12.142168446988	11.5967730458346	11.9537593385162
BdiBd21-3.2G0590100	4.85386868432567	2.87354888514791	2.04117784744723	4.2432367382521	2.75670234067825	2.53919688370976	3.59557757088271	2.89141756961237	3.09651333712984	4.47622840948151	5.35038093566554	5.52117844060918	6.25298694728472	1.96857989491285	6.10218118833675	6.19968377031132	4.5211393345217	4.72079983710468
BdiBd21-3.2G0641600	9.36277265610956	7.72875586586244	6.07852354905112	9.07331540772657	11.1468111109284	8.23020010839432	5.69008971358857	6.9174611946417	6.06498902600886	10.8321483865677	15.240599127203	14.0440436766431	6.78732950736126	4.30953426877251	11.7550856593114	14.9395252867185	16.2190606662611	14.8031500433169
BdiBd21-3.1G0154300	8.09923468547981	6.95966002379916	6.66255007147721	8.00742268066674	8.49220591604947	8.88129841518215	8.70529463972875	9.87943663772263	8.34113311082825	11.2858871133706	9.39948093490332	10.1537380011062	11.7576937191867	8.26282656796064	11.2808161549343	13.2241899273154	10.1833140131428	12.1235704130498
BdiBd21-3.2G0438200	5.76628327302696	6.56564538992762	4.94661655394385	6.84629685475982	9.15191926587078	5.46403208762781	4.48891785095903	5.57037873824678	7.22236583204089	5.75125272032902	6.29707114247837	10.8843504922238	8.4495244109028	6.22036783730078	7.83332523171671	11.609872068967	8.48348228637375	8.47002174186655
BdiBd21-3.4G0000200	3.69474661618303	3.11878030822449	2.06952969155219	3.47783539026316	4.76753553017699	3.84943504627914	2.90882943626958	4.21266083250156	2.88265360765597	5.14382233543966	5.32241356516562	5.75041436523573	3.44871243391212	1.87495830561468	3.73269024241089	7.54442454639424	5.27280403627989	6.96924695524197
BdiBd21-3.1G1029700	1.78189854198619	1.60419227710706	1.33744143046813	1.51022109931671	1.93282505573347	3.33742437249438	1.79984880103769	1.7444812923175	1.8813706627542	4.28254691534196	2.58582113445552	2.49378400432048	1.62904144884438	1.6559885412805	2.4284549586782	2.78283250260618	2.89643420502726	2.80888532930496
BdiBd21-3.3G0412900	5.24023049156812	4.21731233900161	3.04048022300083	3.99874962959209	4.99610741900534	4.9870403406783	5.30102038790141	5.26133002324755	3.45013341440825	8.22296662641827	5.51469047365897	7.12881442165354	5.99867918639227	2.38366691853876	4.55056372702152	9.87839278720804	8.03434974218829	8.85285780938429
BdiBd21-3.3G0413000	0.241825267385714	0.290277826119177	0.280510881387223	0.53047264417648	0.363595008834926	0.466822537171314	0.28225754322742	0.200876490434224	0.280356689180659	0.260114624321002	0.22512318907928	0.172536391584714	0.165203163357416	0.15347944007014	0.140616884655185	0.122817612637274	0.184979430208678	0.170882688585509
BdiBd21-3.2G0250600	0	0	0.0571730446509152	0.01670939927267	0.0539922786687566	0	0	0.0497154764045478	0.0693862499075376	0.0563294247871438	0	0.0689793578020492	0.0505069595966993	0.0379850497432338	0.0609029057759684	0.0851101147168133	0.0228905345717336	0.0683182139712735
BdiBd21-3.2G0626800	0	0	0.0226128681332188	0.0132176778286073	0.0284730980063126	0.0304640317052797	0.0297548019258345	0	0	0	0	0.0181883045459126	0.0266350975742363	0	0	0.0336624332785751	0	0
BdiBd21-3.3G0612100	0	0	0	0.0552573943273335	0	0	0	0	0	0	0	0.0760374348256467	0.055674911610463	0	0	0	0	0
BdiBd21-3.4G0290300	4.84021397236826	5.64535211071691	3.4330266498945	4.31815787844154	5.33499199383497	5.50312864909113	8.00533540508974	6.27275689601065	4.58829604576322	4.83807418056188	6.06833924057967	13.3870666233016	3.04554970045583	4.2152595240359	0.925820456973812	8.63617043682121	8.21214665898871	8.4468315715123
BdiBd21-3.4G0290600	27.2045634607532	20.2344067249632	22.6468670581938	24.4951262129967	26.3528422465424	30.2816631774524	30.0542358128206	29.7075792055095	25.6640864859371	35.185411572566	41.3990144008483	51.1828656529175	23.0272610651402	36.0082221544838	17.8870386747773	48.5525483735436	47.0796435276885	41.3248216256941
BdiBd21-3.1G1020700	30.8776756856449	30.4648685437333	22.0850072415915	32.2259457394807	24.4586335411264	15.0385410987528	20.4406661200729	19.8552634731414	18.1389190276889	25.289062381092	27.3588729724326	35.9145589233266	17.7778847682761	30.4828915676326	27.5132135266884	37.0956740174131	35.2190803402116	35.5916296133194
BdiBd21-3.3G0222500	4.24264228982178	4.34327765959385	5.1604972632079	4.81890658154107	4.37813405180008	10.1527794090387	4.92715334534788	5.08933376343041	6.68294440473214	14.9430324050534	5.05066099476494	5.21376547242667	5.4853969582366	6.31358491648084	7.97758342819421	5.73817313925384	6.19836892011171	7.04381512233529
BdiBd21-3.3G0417100	21.6746582157971	20.8812000586459	17.234292601101	18.3905270223234	17.3794366783293	23.6229859890063	27.9183564315348	29.7982943769181	26.8440366414327	21.644552597448	17.3293713858976	19.5439942130691	36.6016306642891	23.8990612764544	24.5493243979522	28.6015943746938	20.4797842055384	28.296660182557
BdiBd21-3.4G0337332	11.2605818985641	6.92297030039171	5.79159428606022	9.45063964745425	10.9387692937685	8.64769282093603	13.8444208244174	17.7943867942936	11.3046283601552	7.84593715444986	6.0037016570124	7.95806190691683	22.9097617627711	9.68378652246885	14.9094484039	15.4470374798476	10.3959402607624	14.3794545287
BdiBd21-3.4G0337600	0.0158923117405105	0.0366856245636425	0.0135548964201344	0.039615552707859	0.0597369878897081	0.0273917128870182	0.0178360062832459	0.02357363114929	0.0164504695564289	0.146903750773327	0.0652706553410506	0.0218053351503457	0.0319319059070243	0	0.0577567687373627	0.0908026603010657	0.0868321991990013	0.107981691913664
BdiBd21-3.4G0573600	5.98338658268424	5.35158666428393	5.31668355460328	6.80051102512036	6.47757455012656	8.400615883195	6.02422825414786	5.93593884005871	6.31301992050534	9.73276616225938	6.49251917257044	6.9029393575022	7.2867822897072	6.8248249120605	7.04445731138753	8.52532775515683	6.85900177501899	6.69298247154036
BdiBd21-3.4G0315600	48.5121570699373	25.5663011390746	25.9095590763335	57.4471740950298	49.3093157699559	40.3024032243747	65.0038363673439	67.2806681145076	44.7642743290934	36.5976207885978	73.4721331928278	52.3572660164544	83.4014737474199	89.0780374540072	90.9305201366281	64.3833519772506	56.432511642446	75.9514118481105
BdiBd21-3.4G0315800	0	0	0	0	0	0	0	0	0	0	0	0	0	0	0	0	0	0
BdiBd21-3.4G0315900	0.077140957826021	0.178071275185939	0.328975957102663	0.365356864886621	0.124269481603853	0.155118619847021	0.129863417381874	0.171638888915522	0.199625611268993	0	0	0	0.193746026938864	0.174853981223791	0.210262635201413	0.146918088510262	0.105370432032181	0.0524140935434905
BdiBd21-3.F0000400	0	0	0	0	0	0	0	0	0	0	0	0	0	0	0	0	0	0
BdiBd21-3.F0000500	0.0385704789130105	0.178071275185939	0.131590382841065	0.173063778104189	0.103557901336544	0.110799014176444	0.0865756115879159	0.114425925943681	0.159700489015194	0.129648694034324	0	0.0793819898583726	0.154996821551092	0.218567476529738	0.105131317600707	0	0.0263426080080453	0.0262070467717453
BdiBd21-3.1G0459300	9.33382673702926	8.01072774251338	5.79725756058181	8.18517338051329	7.7880002524188	8.14006167038927	6.2315151309897	6.46109198845974	7.48157948176807	9.25137069777416	6.94609360811408	8.20938885093085	8.00658154236484	5.31632719221045	6.69732949213028	9.26816912980537	7.48625030653592	7.35015698860936
BdiBd21-3.3G0047400	11.8973792385737	9.68147273635425	8.63878630513878	10.6680527228899	9.62128543317868	12.5888868760537	10.5026679513054	9.52219732330134	9.30287161359924	18.4132137248429	11.229560061457	11.3328596172177	13.7582836022244	6.91973600727536	13.7128190017711	14.1279399588686	12.4124759690924	13.3372637924052
BdiBd21-3.1G0022800	45.8035382708198	81.5349794857284	94.3882027098339	65.1929178260545	59.1286288593489	54.1032188183309	72.9443010581879	85.2037983217015	93.7602014056609	45.6400194995254	41.9909479691208	55.178989147916	53.260946294801	64.6776811960221	42.0757626291455	47.6943565210599	58.097700838299	43.8780303604927
BdiBd21-3.2G0761900	8.42178699897593	7.28193174474444	6.56601738970517	8.45507608153922	9.30885555697222	9.02863205298954	9.35436459934022	9.40144884893671	7.5791937401808	7.75809460106671	9.07311445688661	7.12773275170622	8.38812418300692	8.56075905760137	8.07245180889234	8.45158343917812	8.44000836914076	8.69153705378049
BdiBd21-3.2G0100400	0.117130886440055	0.050696916316851	0.112391399792525	0.0875933888269271	0.0943454356020164	0.151413573303002	0.0821602947316035	0.0868722045669655	0.0454667509900709	0.0738220017258138	0.110243698701043	0.0904002533303093	0.0735460270365385	0.0165936507624349	0.0798157345346574	0.120835288380601	0.0499982939362151	0.0696373980211505
BdiBd21-3.2G0402400	0.472307784879534	0.467258446118647	0.511544794061695	0.254157018319346	0.434776953318679	0.430720373825374	0.25241569203805	0.444819639995094	0.388012558369765	0.655195668374459	0.626071641536717	0.606893179647714	0.497091411584962	0.27189112725365	0.5176711569935	0.561610927383127	0.358415128382117	0.448260301697289
BdiBd21-3.2G0158400	0	0	0	0	0	0	0	0	0	0	0	0	0	0	0	0	0	0
BdiBd21-3.1G0155500	0.0742906547608561	0.0190546299203192	0	0.00823057756181978	0.115245301779393	0.09484895117256	0.0370563132590695	0.146930626730449	0	0.332955380734664	0.316416666521416	0.45303041343354	0.0663421334046808	0.0374207226722533	0.0749976228273484	0.911821676628943	1.08242208151091	0.448688270036745
BdiBd21-3.4G0115100	10.8046281083185	8.32723308954694	7.76671073619469	10.3193127605459	10.4001113960332	10.4230608985537	7.99888788399767	7.79265272049549	7.99382197124547	10.44807139582	13.3892878882262	11.5690218508687	10.5556183458174	4.88225286277263	11.4236509503546	12.451213196066	13.897430961673	12.7074662318071
BdiBd21-3.3G0257300	1.76522587346277	1.61097793446082	0.560223005674955	2.49689511195161	0.837671289053232	0.84907331169403	2.11933788545119	1.46144501084248	0.934858181079072	0.896929484238094	1.6860200174244	1.52079712800008	2.10334142187987	1.02356402193455	1.41733087155195	1.09458654860161	1.34578847331803	0.948361245407602
BdiBd21-3.5G0064300	4.29272062731564	2.18655155398344	1.34077762028914	3.63722554036482	2.83538813764488	3.35785455157991	4.97606728141802	3.34819275988302	2.37820395203724	4.09846765095277	3.39365567609783	3.76069074155812	4.43409410958415	3.65454662445221	2.5268992678849	4.42688365445196	3.88155610718172	3.80680709607661
BdiBd21-3.5G0271500	16.0694335660019	9.21353435544049	7.04540011781447	14.9500264019179	13.1577758440663	10.8873724682935	13.0099786983786	12.5617114241953	7.76005057931989	18.7827236428369	14.9671728525801	17.5720177938189	12.413016857435	12.5872268228306	10.7845370032466	16.4812505989665	16.1187822441474	17.4507601589305
BdiBd21-3.1G0671600	11.1337408077343	9.53063047054311	9.44107796560628	12.2051510151778	9.70979758085674	11.4656769999104	10.2647613615756	9.87548672029323	11.9763955293583	15.195153622376	13.0964393046252	11.2077577542875	16.8429345081058	12.068903142149	21.4793943916153	15.0186864033492	12.9235705493972	13.691511349885
BdiBd21-3.3G0004300	0	0	0	0.00986860405446696	0	0	0	0	0	0	0	0	0	0	0	0.0251331005221794	0	0
BdiBd21-3.3G0361000	4.29975967852053	3.19937870972576	3.39794192267317	4.33871134044959	4.50699979155114	3.77030937061885	4.18173712466741	4.14999417170037	4.49748236035504	4.96211638432489	4.88919947574646	4.4666859406506	5.07093309511145	3.28769381829439	5.48213869711579	5.43482308455125	5.00150167102621	5.58021367755721
BdiBd21-3.2G0753600	2.94664992892787	2.84447768878686	2.86359487314733	3.18739777746781	3.29883995998213	3.48846505481877	2.16460618897866	2.27815075002253	1.58976991371692	2.67126962151435	3.83843238288483	3.30791284422296	1.56088756765261	2.22637228378671	2.46628924171411	2.4488790613531	3.14679204189872	2.81511173069992
BdiBd21-3.3G0763900	3.93860121386217	4.07313557731592	3.30556907314503	4.25706153564622	5.1943185247561	4.61618322519222	4.27885834333227	3.41188406853778	2.73969682719735	6.19585119153472	5.21947727059583	7.39271218581316	4.4158465643188	2.78539699398025	5.1530021523573	6.34103641412087	6.82173740411521	6.12295521608296
BdiBd21-3.1G0966300	13.1537978387081	12.6351974828614	11.0395989398596	11.1175925395409	11.3297956684947	11.154401891972	13.58120605415	14.1334014391369	13.6238466289538	15.515683147467	12.9801376549128	14.4212087436005	20.4840366030441	10.7986083113868	27.6001123455602	20.6315937727619	15.9437917924562	17.9702854739594
BdiBd21-3.3G0324900	9.20732432337721	6.49594818173714	6.42090507888609	6.99939175419295	8.5481680298531	8.02477595910504	7.33079042854969	8.31792879846486	6.35734169597423	10.7622412859931	10.186645202877	11.4705236037946	8.59996178092172	5.64527871377192	9.9844178116238	13.6856230384155	13.4114203076281	13.0214047709862
BdiBd21-3.4G0293700	0.0596955266412231	0.045933482685351	0	0.0793631980274021	0.0641106217227657	0	0	0	0	0	0.0272414472301771	0.0546042214894888	0	0	0.0723163246725454	0	0.0543606026322244	0.0270404292408684
BdiBd21-3.2G0203200	1.96761137811561	1.84634587264646	2.34677681267785	3.03058486585031	2.62853549063339	1.94841262695624	1.68761201471337	1.56609303408101	2.15262703082469	1.29050166928581	1.90529886804003	1.40472036459234	1.5106708084088	1.55916891447915	1.80223624821187	2.27484190459771	1.74806643758526	2.08688489200114
BdiBd21-3.5G0248700	11.9368106836562	7.88517652185471	8.67640077986761	12.9314692997839	14.129845363598	13.7591854881163	11.1218146762783	11.3030756019609	7.2659769519512	14.5417018235519	15.1597781221144	12.9788859924061	13.1800220209304	10.8483045529067	10.6066294432252	17.7536006402623	14.4079183841418	17.2413367531604
BdiBd21-3.1G0137000	4.40713257186208	3.76583410577865	4.44427005682545	4.61285471269773	3.89629659491823	4.58841028197496	2.07683346604061	1.08352317105341	3.52855425011471	5.56544080307221	3.13339420943827	2.43879946326505	2.17708465283876	3.03550342734652	2.16800079431514	2.41141037907701	2.22836370589855	2.41542439467911
BdiBd21-3.1G0854800	15.2208162617223	11.4445038782963	8.86753566908214	16.1227167777843	17.4229265854369	14.2956779724908	12.3281121919885	12.0123022687794	9.98717454790843	12.487403074708	17.873863048774	16.5201771861303	12.5660226377729	8.2389832794928	12.8213559946496	13.7944296328168	15.2782429236858	15.0180234101886
BdiBd21-3.1G0532500	0	0	0	0.0350596560843911	0	0	0	0	0	0	0.0481369599446501	0	0	0	0.0638932284818261	0.0446445037098832	0.0480289121456015	0.0477817513972573
BdiBd21-3.3G0133400	1.24945919735652	1.14167708317415	1.68734372569506	0.908421743172096	1.0902689615834	1.16650419303145	1.28541705702543	1.69891998769855	1.18556328295165	1.5312002969704	1.99562304701068	1.39290384951004	1.35985297033698	0.826036760248255	1.32441682496011	0.958468450608345	1.42224549213065	1.09656803701387
BdiBd21-3.1G0307900	0.583395118765711	0.641286855249362	0.426505984385081	0.66480361657954	0.477366215540317	0.319215780497995	0.249427322350702	0.164832519182665	0.747666750620057	0.373522358157509	0.532452873318797	0.495521541865927	0.279094492254174	0.440790305684198	0.0504811585375807	0.423276079139048	0.341522829166374	0.37751702720333
BdiBd21-3.2G0271500	2.35630966905747	3.7788663950657	2.81364647428775	5.13175006448256	3.24980117487328	2.94978230568322	3.28474234013509	2.46503432574114	2.13097363122805	1.95924946764935	3.59935156564388	1.80368345015125	3.50100599173257	5.56588786990003	3.49298145278315	2.0627616248467	2.134435538065	2.25827387756343
BdiBd21-3.2G0663400	0.0311283604267764	0	0.0265500518869138	0	0	0.0178841007185547	0.0698709717282818	0.0461738039729271	0	0	0	0.0640653489752913	0	0	0	0	0.0212598396432957	0
BdiBd21-3.2G0366300	0.43924849983084	0.194991547074511	0.115275244942291	0.252677652435212	0.136077525399763	0.203829525895967	0.265445590758546	0.325776459931138	0.349750350123709	0.241345376896005	0.127206490611269	0.243389550556588	0.67889826687254	0.268055965710967	0.613977917730995	0.364657242491133	0.323071544817936	0.275493421686519
BdiBd21-3.2G0637100	8.71620088155914	5.41085784116649	4.97590315115928	6.82116210761299	6.47054987470664	7.66117873195188	7.01514344111351	7.31444303873074	6.25451993307163	10.2135019808694	6.89336309207371	8.24281026373129	9.47176933087604	6.13957925774419	9.49676794988237	11.2873621103746	9.08355858130008	9.31995160908222
BdiBd21-3.3G0799800	6.05862832300024	7.35453126052591	4.0983899381934	10.7280842934797	12.3403422007586	6.90168316344126	5.861744204352	3.56380195445178	2.37881255153022	2.10673874617201	9.5099362463098	8.31285110004728	2.41369239978651	3.67002069747714	2.08797271617352	3.51472357448253	4.49459541787837	6.24585707243371
BdiBd21-3.5G0066700	1.37130362263065	1.05516702424009	0.606466788058289	0.658342430918011	0.981817039054553	1.06992208015614	0.988012613881953	1.0044955201045	1.2617471259782	0.284532397860986	0.324478767034308	0.696860021294145	1.12253608232097	0.882606128234035	1.44588009638503	1.09627059109824	1.11000152514279	1.1733074509771
BdiBd21-3.1G0280300	4.76354001058073	2.87046772845366	3.94870749436298	4.34914565432267	5.77331150257947	3.49517118165926	3.86467979421391	4.7673733063695	4.55459253066263	2.25066900284875	4.79282092813104	4.19977615682883	5.91955358816097	5.24694290852174	4.93633507528067	5.51385461357941	3.44935692107484	5.97931391260603
BdiBd21-3.1G0628300	15.7521904941574	11.5435461380607	12.762794548488	20.040658112447	22.3703979878764	18.0559343177296	15.0236976255642	15.8054267573184	14.8918918848108	12.6714478291094	15.2982878672437	15.1212385945617	19.5157927260514	15.1714397065777	16.9855314456261	16.0931645248709	15.290221322113	16.6751895847592
BdiBd21-3.3G0030500	14.3738912155134	16.9105355813632	15.9046089240269	17.6524060188787	16.251551901618	14.667067204971	19.6821353216576	20.0315983415443	23.2851013811408	16.1984767778467	14.9168895016539	12.6403287249452	24.9595710443705	30.1070550925254	16.9421954807182	16.0660243126716	13.2409259140508	16.7425117414584
BdiBd21-3.1G0091300	1.08579698791257	0.18916535336027	0.349471598422473	1.40948509935967	1.05609308968869	1.34180212374618	0.73575510216609	0.486219255567428	0.593775149399468	1.51498578833115	1.06577616274147	1.0681495215145	0.596868322913568	0.7429904707564	0.856222065977529	1.74279597746805	1.31523801978885	1.28062991554798
BdiBd21-3.4G0011900	1.33189085817974	1.97900209581941	1.04459634074784	1.32802812718146	0.657654168677872	0.861958430570358	2.88648435746466	3.31544363999716	3.39120764067099	0.540320940897679	0.44012731571245	0.546133005761972	3.58354676325217	1.17982827663283	1.19619961418267	1.55502850926776	0.836456018649762	1.53948036176408
BdiBd21-3.4G0091100	0.307112526724544	0.0977841277803825	0.0903251436606226	0.359018712864184	0.14785332177021	0.18252890504979	0.475411919038473	0.157086528304215	0.153468338811266	0.0889923462583614	0.333454829823612	0.305136751683662	0.383009727128962	0.264047899184563	0.288653354766318	0.295815684621221	0.376102841773755	0.402949492065862
BdiBd21-3.2G0000500	17.1023082579789	10.3772756925264	7.75191063860881	38.9045361317264	16.3468070814384	19.3146118347111	19.6875500606002	19.4249937693354	10.06539877023	26.0743526363553	19.2993261762015	24.9069870241678	19.0715275025423	11.0758530183834	12.3420500418491	33.9990065690056	23.1939773291155	32.4040695616772
BdiBd21-3.4G0022900	37.8483040421772	28.5368861967286	16.8877779822162	52.8744491217082	37.7850682698454	33.1934121717049	54.1293637712631	39.08458836106	25.5403161347329	60.9228353525748	34.161107431945	58.2693820019007	52.4578928599867	27.1582184401297	35.7483745768295	85.7977333789582	72.537769024955	68.0250295445579
BdiBd21-3.1G0882900	0.178676788849696	0	0.130626255283616	0.0509024551308427	0.137065547036329	0.117319700713719	0.171882590451573	0.151450077031201	0.105686937482927	0.128698792711696	0.0349445732984331	0.0700447815463185	0	0.115715248564338	0	0.12963703017856	0.174330685075025	0.138746851978095
BdiBd21-3.1G0577800	4.83798738225785	4.05411988285149	3.47637097126898	3.98141600366273	4.59081494173863	3.86472658054848	5.16936522568474	5.30853933244325	5.9340226820025	4.37184395036282	5.28502984210813	4.3420111851222	9.15487331918577	4.24376006383288	6.683757299022	5.04884577687708	4.79790312188487	5.33609157422826
BdiBd21-3.1G0234900	14.8354394684148	13.5610049253048	11.3264846799311	15.7164099938511	15.8596282650128	13.3052472213268	12.613830212744	13.1152849981511	10.84193790799	11.4451271041298	17.1209279762614	18.1972295548706	14.912724464633	12.641520757286	16.5455143439517	17.7138331180127	17.2915297439308	17.1909930171514
BdiBd21-3.1G0860700	69.3886923693858	48.8617810579654	41.3152620500408	74.9025998389967	75.5076145620116	67.8835731414944	62.370091585964	59.1915249407135	43.756448134961	89.6047460783504	79.1087545955526	88.6238720889646	68.4271169148335	61.7477735126927	83.5210646010173	104.417646588966	92.036743483676	103.818094798526
BdiBd21-3.1G0970200	0.184674126829915	0	0.157512557111332	0	0	0.318301122101153	0	0	0	0.155188372300398	0.252822485898406	0.253385491983459	0.185529863045755	0	0.16778837794726	0.234479585387438	0.126127501379495	0.125478438841222
BdiBd21-3.2G0483000	7.92879065711367	5.97737022309842	5.28089621726557	6.37471480154419	7.10926844758434	6.75964290220614	7.71574171017151	7.30333558422527	6.65614725631606	8.57937148655085	9.26535629912657	9.61924546524608	8.86713293326293	5.05755312412893	9.22358091889767	11.5463672737722	10.7515799872918	10.5843659931489
BdiBd21-3.2G0553750	2.5657072020136	1.79104137301929	2.25602800677927	2.74288332093556	2.89750191293076	2.30988206911381	2.71128523036755	3.2434349602236	2.20861843874632	2.19310254611768	3.09003723394079	2.89126364867746	2.47130346027746	2.15838223553318	2.43524976014945	2.91062620766842	2.79406061058685	2.6958124240785
BdiBd21-3.3G0589400	7.15021796453331	5.87940251809875	6.90573996651418	6.41886279907216	6.12943758946062	7.61858962392206	7.77558535750028	8.24924533598297	8.90096096339485	11.4771879487879	7.08567498908634	8.77662763427342	12.0544131428349	6.2498610187156	10.3284825556415	11.229559521846	9.7508573431205	9.71655535039203
BdiBd21-3.4G0388200	8.48525911675571	5.28830668381978	4.36322421165616	7.18545398025061	6.43750436986515	6.58734026131278	5.69135865890034	5.62515324716546	5.52551842935498	7.5697007964109	8.4573494831992	8.63639889111561	7.74809266633744	3.90717413569734	7.60836551797187	9.79938960544386	9.0307987403911	8.44027887995685
BdiBd21-3.4G0571600	13.6601608598089	13.6105377524396	14.4079530567362	9.78217418347381	9.0185882933417	8.5666960770339	12.1771826829078	13.7814608276313	17.0486107853082	9.06318867021293	9.73965494944609	9.42705141760132	17.2644701841584	14.8373165395485	19.0372998073679	10.2704185734646	10.8271305518874	10.02094592774
BdiBd21-3.5G0251600	4.01148985043406	2.10923947687826	0.722313807887444	0.622199788684401	1.36425718237923	0.512158098724307	2.30107917023401	1.1900771094516	3.18349009041544	0.149822246010619	0.122040176457183	0.152889932057792	3.55990236178146	1.91958473370475	2.67277835244618	1.04696918606777	0.273974053826413	0.454273601199028
BdiBd21-3.5G0339400	2.27758993910829	2.82028143782963	2.26422918511736	1.98523148784342	2.39744418101924	2.23578045371963	1.96366373130766	1.78989676809634	1.74866989937817	2.5603720735861	3.09741566505535	2.73179565754598	2.03053816409964	0.888919502486404	2.08304186130265	1.8193706186568	1.99849955731338	2.09070042867765
BdiBd21-3.1G0357000	1.79467968010544	1.92021096575886	1.35195076712489	2.31194916253576	1.94851768772122	2.03208094414577	1.76424203613912	1.69053839795879	1.66787198215244	1.55216760417282	1.79339527598666	1.59967617205248	2.21755322991874	1.30650041824166	2.4756288479568	2.07078358229205	1.28834628238372	1.967078558818
BdiBd21-3.1G1026800	37.5827727372484	17.6452125421449	12.7134023414252	20.1215121112194	21.2347288288581	18.2546752641218	59.7087298793427	50.9478777615238	30.9903076343801	10.9627593870779	11.8949006619029	19.1231668614818	56.5713888391225	35.085977286946	27.8032539348551	40.5689079369325	29.0788338118175	40.1996308801231
BdiBd21-3.1G0422900	0	0	0	0	0	0	0	0	0	0	0	0	0	0	0	0	0	0
BdiBd21-3.1G0796700	10.6770902085323	9.97839252500913	10.0792836304487	11.5143523051702	11.2385481648979	11.7325597361322	9.92373731079908	10.2560688976286	10.848209563047	12.6135511570166	13.7443737160948	12.87181997837	11.9658481079551	8.21208366846976	13.0254785715593	12.6813762930049	13.6639647935965	13.544345512536
BdiBd21-3.1G0022000	8.5162668686425	6.05248596780287	5.02738754501354	9.36301782290831	8.12019352451741	10.1126270721244	8.02949891692201	7.7181748496506	7.48990760827836	11.7852134763982	9.90592145631078	9.23079112218138	10.2709589618711	9.90522162793522	12.372739329993	12.0259706369917	9.2728970834451	10.9100158854977
BdiBd21-3.2G0333200	19.1030140705515	12.534663450764	11.8914508486366	15.706353375382	14.7892944992918	13.7436022261619	23.1413652732737	21.8054343592764	21.2930601440637	13.9153025762929	12.7748275716184	16.4613543652533	38.063616505654	18.1296371647742	25.3566763544593	20.2176574271122	17.6909257542121	18.2978992965087
BdiBd21-3.3G0158500	1.59204698814686	1.39351810308732	1.53456861885068	1.46940523884936	1.66530234420355	1.93815862318893	1.99267006836649	1.7206759210914	2.18094554874662	2.07889716509886	1.75011664618599	1.70529134136526	2.67561661995738	1.48907673514095	1.76373472914405	2.0214121171495	1.85128301887064	1.78545794022776
BdiBd21-3.3G0597600	6.84605628974116	6.81028575856365	5.57031203045791	5.92106976973131	6.98680364763821	7.75059911490828	6.42402215584771	7.36845212903414	6.96904255453365	8.58180770062586	6.93867158188077	8.32072949017434	7.3970959637194	9.77366029907417	6.89593165687859	9.18864581813849	7.56029757975501	7.89831789777985
BdiBd21-3.4G0419500	5.67434973755778	4.28162530513963	4.94524288770897	5.37020359075976	4.48567528906783	5.9833735126045	5.89033442123445	5.869457259491	5.29054254837524	9.07489728399302	5.0785467589441	5.59884169698602	7.23277749613206	3.95512548852794	6.84072966513948	6.96045976226523	5.51756060820484	7.26287714155748
BdiBd21-3.5G0296800	0.324419145622352	0.832094800994698	1.04532662342453	0.611014509645252	0.503263599716722	0.248516983474949	0.161820857900903	0.106938323407098	0.298500578461286	0.363494912300931	0.197393842457592	0.0989167077206119	0.398349633239739	0.326824387723662	0.982519193013316	0.0457681069911722	0.147713080474643	0.0489843122545708
BdiBd21-3.1G0087500	14.0995983610507	13.8277302448859	13.3995469671685	14.2277494736334	12.6540763799409	14.4804450853523	9.57687193839304	11.0649519233887	14.0975764208237	16.5735194516096	14.583346311754	14.4995154435041	12.688827367263	14.7307388434326	14.1196752069165	14.063429687718	12.890993709603	13.9765707642555
BdiBd21-3.1G0323200	21.5927541208663	19.755584283966	15.5606203244824	19.978612533936	18.6244646129542	19.3825856138909	21.3610326866893	21.4086183067198	17.9742676872971	21.3193963171601	25.5628479338818	27.367982579818	24.5360971818806	16.5105779999755	29.1561367301658	29.792731630467	28.9708868800195	29.5266396517897
BdiBd21-3.1G0110600	6.71890233367863	9.63769016866086	9.80737300731146	8.61028542464345	7.36284581473645	5.05954187170911	8.2959968878131	9.2726314861979	10.3673741616272	4.02610824987474	10.2758692578198	8.57707648014521	7.97627360234798	15.7208893447763	7.54519093129489	5.79351329559051	7.08970498462191	6.29364315510373
BdiBd21-3.1G0642800	71.5146597432303	48.1377544559368	45.2648967612782	77.4288981748367	63.3757374015764	55.6725322474312	44.3461996050745	39.6295890037078	54.4873933719252	52.1144759594919	63.6465027013503	54.5706937366637	53.2035467404616	52.2199165999047	90.2065298236226	56.1233987355045	60.3779987049867	53.1793224558192
