gene_a	gene_b	score
1102016900	1102326900	3.2235534
1102016900	1202269500	3.0729313
1102016900	1202345400	3.8831263
1102016900	1302132700	3.0003626
1102016900	2102087000	3.1427157
1102016900	2302229900	3.079244
1102016900	3202313700	3.0125089
1102016900	3302424900	3.5692475
1102016900	4102071300	3.086724
1102016900	4102202100	3.8130193
1102016900	4202290200	3.1446724
1102016900	5202145700	3.288314
1102016900	5202166900	3.1526737
1102016900	6102149500	3.6256394
1102016900	6102275200	3.4022439
1102016900	6202302700	3.431018
1102016900	6302244300	3.0155408
1102033200	1202345400	3.707663
1102033200	3202313700	3.01201
1102033200	4102122900	3.4164627
1102033200	4202076400	3.3872883
1102033200	4202202300	3.1446602
1102033200	5302135900	3.0725462
1102054400	1102089900	3.3794613
1102054400	1202345400	3.4949899
1102054400	2102087000	3.0101063
1102054400	2102313400	3.0079687
1102054400	2202172800	3.0067947
1102054400	2202521100	3.9015906
1102054400	2302084300	3.221581
1102054400	2302087900	3.0299296
1102054400	3102334500	3.179934
1102054400	3202237000	3.065541
1102054400	3202304100	3.0637057
1102054400	3202313700	3.5474744
1102054400	3302226500	3.0126896
1102054400	3302320600	3.1617622
1102054400	4102027800	3.1893816
1102054400	4102102100	3.1453779
1102054400	4102106300	3.0102844
1102054400	4202068400	3.0823352
1102054400	4202278000	3.0882118
1102054400	4302322000	3.1077514
1102054400	4302363600	3.3391628
1102054400	5202022300	3.2164922
1102054400	5202251900	3.108386
1102054400	5202413000	3.467402
1102054400	6102000300	3.0278933
1102054400	7102257600	3.3772547
1102054400	7102362000	3.4817674
1102054400	7202137600	3.2746656
1102054400	7302324400	3.2727447
1102054400	7302377000	3.0217135
1102065300	1102089900	3.196115
1102065300	1102211500	3.2843213
1102065300	1202117900	3.27093
1102065300	1202345400	3.946049
1102065300	1302098400	3.210191
1102065300	1302141800	3.3126845
1102065300	1302196700	3.2503583
1102065300	2102031200	3.323808
1102065300	2102300100	3.5336912
1102065300	2102343100	3.3212483
1102065300	2102527600	3.3599377
1102065300	2202278800	3.4512022
1102065300	2202366700	3.219535
1102065300	2302084300	3.203632
1102065300	2302185400	3.1361241
1102065300	2302555000	3.3657146
1102065300	3102204900	3.2309048
1102065300	3102251300	3.0236962
1102065300	3102334500	3.3614457
1102065300	3102342800	3.1027117
1102065300	3202237000	3.1544468
1102065300	3202304100	3.347848
1102065300	3302180500	3.0210423
1102065300	3302320600	3.0898378
1102065300	3302348800	3.361412
1102065300	4102027800	3.238478
1102065300	4102407100	3.1095717
1102065300	4202047700	3.2188218
1102065300	4202068400	3.1576626
1102065300	4202248700	3.0182838
1102065300	4302229200	3.5997345
1102065300	4302322000	3.105653
1102065300	4302363600	3.5507011
1102065300	5102428800	3.323701
1102065300	5202251900	3.152358
1102065300	5202464300	3.2296422
1102065300	5302328100	3.163951
1102065300	6102266600	3.2952015
1102065300	6302256100	3.1737812
1102065300	7102047000	3.0823414
1102065300	7102358900	3.0435264
1102065300	7202075600	3.8379934
1102065300	7302211000	3.028973
1102089900	1102211500	3.2782087
1102089900	1102251700	3.4035487
1102089900	1102311400	3.5637436
1102089900	1202117900	3.405167
1102089900	1202269500	3.1314096
1102089900	1202345400	4.358593
1102089900	1302098400	3.8458984
1102089900	1302141800	3.0047069
1102089900	1302285200	3.2870078
1102089900	1302429900	3.3704286
1102089900	2102031200	3.4029727
1102089900	2102087000	3.9361436
1102089900	2102191000	3.4798102
1102089900	2102293700	3.2102993
1102089900	2102313400	3.4350374
1102089900	2102345800	3.0098307
1102089900	2102527600	3.181742
1102089900	2202101700	3.852896
1102089900	2202172800	3.3347774
1102089900	2202278800	3.152264
1102089900	2202366700	3.6161745
1102089900	2202521100	3.6661935
1102089900	2302084300	4.1098804
1102089900	2302087900	3.3879728
1102089900	2302185400	3.245027
1102089900	2302229900	3.2987437
1102089900	2302523100	3.082273
1102089900	3102204900	3.6198604
1102089900	3102251300	3.3161805
1102089900	3102289500	3.3368466
1102089900	3102334500	3.5837533
1102089900	3102342800	3.0951571
1102089900	3102421900	3.0714893
1102089900	3202237000	3.8583753
1102089900	3202304100	3.3609886
1102089900	3202313700	4.502723
1102089900	3302109500	3.1884115
1102089900	3302210500	3.3010514
1102089900	3302226500	3.4460783
1102089900	3302320600	3.9600863
1102089900	3302424900	3.208438
1102089900	4102014000	3.1341655
1102089900	4102027800	3.573125
1102089900	4102102100	3.394134
1102089900	4102126300	3.4978466
1102089900	4202047700	3.0201414
1102089900	4202068400	3.6227028
1102089900	4202076400	3.8363469
1102089900	4202227200	3.0889058
1102089900	4202248700	3.1061747
1102089900	4202278000	3.628655
1102089900	4302229200	3.177614
1102089900	4302276400	3.0427053
1102089900	4302322000	3.5123732
1102089900	4302363600	3.9482806
1102089900	5102166000	3.2628121
1102089900	5102375000	3.0557446
1102089900	5102428800	3.1439877
1102089900	5202022300	3.390326
1102089900	5202227200	3.327647
1102089900	5202464300	3.3065965
1102089900	5302135900	3.2096012
1102089900	5302328100	3.315448
1102089900	6102000300	3.3543704
1102089900	6102187100	3.003371
1102089900	6102275200	3.5049424
1102089900	6302256100	3.7955587
1102089900	7102047000	3.432009
1102089900	7102257600	3.2710855
1102089900	7102311100	3.0794647
1102089900	7102362000	3.5527644
1102089900	7202137600	3.5615768
1102089900	7302324400	3.7900617
1102089900	7302377000	3.5442157
1102158300	1202345400	3.5334556
1102158300	3202313700	3.1086469
1102158300	4102202100	3.6552227
1102158300	4302363600	3.0919356
1102158300	5102088200	3.144255
1102158300	5302484400	3.250497
1102170400	1202345400	3.2626715
1102170400	4102017200	3.034814
1102170400	4102202100	3.3501577
1102170400	4202047700	3.189111
1102170400	4202216800	3.0442357
1102170400	5202101300	3.0504823
1102196300	1202345400	3.230551
1102196300	1202383800	3.1726024
1102196300	1302429900	3.2345138
1102196300	3202313700	3.4652936
1102196300	4102202100	3.246367
1102196300	4202202300	3.7554114
1102206700	1202345400	3.3178995
1102206700	6202251200	3.124774
1102211500	1102251700	3.5551171
1102211500	1102405600	3.331579
1102211500	1202345400	4.301174
1102211500	1202383800	3.5917373
1102211500	1302098400	3.0506043
1102211500	1302334400	3.248589
1102211500	1302392300	3.348501
1102211500	1302408400	3.117646
1102211500	1302429900	3.3676085
1102211500	2102031200	3.4940977
1102211500	2102087000	3.2881374
1102211500	2102134900	3.1792104
1102211500	2102300100	3.337981
1102211500	2102313400	3.818055
1102211500	2102527600	3.482839
1102211500	2202101700	3.1298494
1102211500	2202172800	3.869527
1102211500	2202278800	3.4771905
1102211500	2202366700	4.614559
1102211500	2202521100	4.045386
1102211500	2302084300	3.9462402
1102211500	2302087900	3.5655515
1102211500	2302139500	3.324199
1102211500	2302185400	4.1488853
1102211500	2302229900	3.0511103
1102211500	2302321100	3.1190982
1102211500	2302523100	4.920918
1102211500	2302588200	3.039438
1102211500	3102204900	3.4657168
1102211500	3102289500	3.1449714
1102211500	3102334500	3.3315563
1102211500	3102421900	3.0557997
1102211500	3202162100	3.4548638
1102211500	3202237000	3.4819245
1102211500	3202304100	3.5843754
1102211500	3202313700	4.1496
1102211500	3202347500	3.0600607
1102211500	3302210500	3.38457
1102211500	4102027800	3.362605
1102211500	4102044600	3.382664
1102211500	4102102100	3.6222956
1102211500	4102202100	3.8482814
1102211500	4102407100	3.3663538
1102211500	4202047700	3.6178484
1102211500	4202076400	3.2562628
1102211500	4202102400	3.073237
1102211500	4202202300	3.8884175
1102211500	4202248700	3.2730923
1102211500	4202278000	3.0275307
1102211500	4202375000	3.0424814
1102211500	4302229200	3.2575402
1102211500	4302276400	3.2303843
1102211500	4302322000	3.1542869
1102211500	4302363600	3.7775877
1102211500	5102428800	3.6904588
1102211500	5202022300	3.041338
1102211500	5202101300	3.1606746
1102211500	5202251900	4.2628555
1102211500	5202464300	4.819193
1102211500	5302182100	3.0601394
1102211500	5302242300	3.5652723
1102211500	5302328100	3.8059251
1102211500	6102000300	4.1304407
1102211500	6102177600	3.0936022
1102211500	6102266600	3.4100156
1102211500	6202223100	4.149698
1102211500	6202428600	3.2480705
1102211500	6202456500	3.360293
1102211500	6302154100	3.635338
1102211500	6302256100	3.393898
1102211500	7102047000	3.5838306
1102211500	7102065500	3.0493581
1102211500	7102257600	3.985916
1102211500	7102358900	3.2622254
1102211500	7202075600	3.76022
1102211500	7202130900	3.2623892
1102211500	7202155800	3.0438058
1102211500	7302128300	3.34149
1102211500	7302377000	3.036671
1102222200	1102326900	3.6664894
1102222200	1202345400	3.783124
1102222200	2302236800	3.984226
1102222200	3302424900	3.10953
1102222200	4102147600	3.0276198
1102222200	4102202100	3.4863677
1102222200	4102214400	3.0159633
1102222200	7202155800	3.1409519
1102230300	1202345400	3.0300539
1102251700	1102311400	3.0671012
1102251700	1202345400	3.772277
1102251700	1302334400	3.1112013
1102251700	1302392300	3.1892798
1102251700	1302408400	3.07875
1102251700	1302429900	3.4274876
1102251700	2102087000	3.3782353
1102251700	2102313400	3.1333203
1102251700	2102345800	3.0698147
1102251700	2202101700	3.026588
1102251700	2202172800	3.95936
1102251700	2202366700	3.254669
1102251700	2202521100	3.4581594
1102251700	2302084300	3.3069677
1102251700	2302185400	3.1541502
1102251700	2302229900	3.1238427
1102251700	2302523100	3.238988
1102251700	3102334500	3.1322522
1102251700	3202237000	3.2477276
1102251700	3202304100	3.0197492
1102251700	3202313700	3.346408
1102251700	4102027800	3.0432036
1102251700	4102102100	3.503175
1102251700	4102202100	3.2218459
1102251700	4202068400	3.1505713
1102251700	4202076400	3.159497
1102251700	4202202300	3.0710351
1102251700	4202278000	3.1401129
1102251700	4302322000	3.0683901
1102251700	5102166000	3.0814822
1102251700	5202464300	3.429123
1102251700	5302328100	3.04006
1102251700	6102000300	3.997211
1102251700	6202223100	3.215143
1102251700	6202456500	3.0007873
1102251700	7102047000	3.055671
1102251700	7102311100	3.0509217
1102251700	7102362000	3.0489562
1102251700	7202137600	3.1490006
1102251700	7302377000	3.0280726
1102311400	1202117900	3.1666396
1102311400	1202345400	3.3313193
1102311400	1302098400	3.084541
1102311400	2102087000	3.0735624
1102311400	2102191000	3.0036323
1102311400	2102293700	3.029944
1102311400	2202101700	3.177795
1102311400	2202172800	3.1743956
1102311400	2302084300	3.0184994
1102311400	2302229900	3.036893
1102311400	3102204900	3.1825616
1102311400	3202237000	3.2818024
1102311400	3302210500	3.0722265
1102311400	3302320600	3.0428722
1102311400	4202076400	3.4045038
1102311400	4202278000	3.178971
1102311400	4302322000	3.0063903
1102311400	5102166000	3.3394687
1102311400	5302135900	3.0461144
1102311400	7102311100	3.0507085
1102311400	7102362000	3.406546
1102311400	7302324400	3.2158136
1102311400	7302377000	3.3317428
1102326900	1202269500	3.002801
1102326900	1202345400	4.332748
1102326900	1202383800	3.0459476
1102326900	1302132700	3.0066843
1102326900	1302408400	3.112505
1102326900	2102313400	3.025571
1102326900	2302165200	3.074019
1102326900	2302236800	4.1033773
1102326900	2302269700	3.5623906
1102326900	3302424900	3.2490084
1102326900	4102202100	4.2949142
1102326900	6102275200	3.2078638
1102326900	6202300200	3.0073493
1102326900	7202022800	3.0088437
1102326900	7202155800	3.2361398
1102327200	2302555000	3.0040915
1102327200	4102411600	3.1735888
1102405600	1202345400	3.3847566
1102405600	1202383800	3.019357
1102405600	1302408400	3.3562183
1102405600	2202172800	3.0571268
1102405600	2202521100	3.4934683
1102405600	2302321100	3.247318
1102405600	3202313700	3.1143591
1102405600	4102202100	3.2761338
1102405600	4202076400	3.08922
1102405600	5102088200	3.0224733
1102405600	5202464300	3.5350158
1102405600	5302242300	3.3340487
1102405600	6302154100	3.2473893
1102405600	7102065500	3.1121843
1102405600	7102257600	3.89207
1202057100	1302429900	3.1660194
1202117900	1202345400	3.632338
1202117900	1302098400	4.0366073
1202117900	1302141800	3.2329233
1202117900	2102300100	3.286042
1202117900	2302084300	3.1180022
1202117900	3102204900	3.8353467
1202117900	3102334500	3.2572892
1202117900	3102342800	3.2543359
1202117900	3202237000	3.563305
1202117900	3202313700	3.05514
1202117900	3202347500	3.1289918
1202117900	3302180500	3.0387452
1202117900	3302210500	3.2162042
1202117900	3302226500	3.016334
1202117900	3302320600	3.1767678
1202117900	3302348800	3.14927
1202117900	4102027800	3.3474913
1202117900	4102126300	3.0406668
1202117900	4202047700	3.2491076
1202117900	4202068400	3.371397
1202117900	4202278000	3.2850742
1202117900	4302229200	3.09066
1202117900	4302276400	3.2265863
1202117900	4302322000	3.1100938
1202117900	4302363600	3.315379
1202117900	5102428800	3.2074676
1202117900	5202227200	3.0594335
1202117900	5202464300	3.2094731
1202117900	5302012200	3.213308
1202117900	5302135900	3.5711014
1202117900	6102266600	3.2489283
1202117900	6302256100	3.088395
1202140900	1202345400	3.1216092
1202152200	1202345400	3.506917
1202152200	1302141800	3.1349075
1202152200	2102300100	3.1006107
1202152200	2202278800	3.0857882
1202152200	2302087900	3.1558824
1202152200	3102204900	3.24708
1202152200	3102334500	3.1184838
1202152200	3302210500	3.080231
1202152200	3302348800	3.13808
1202152200	4102106300	3.2850287
1202152200	4102407100	3.116175
1202152200	4202047700	3.2435012
1202152200	4302363600	3.1508925
1202152200	5102428800	3.3582587
1202152200	5202251900	3.0414712
1202152200	5302012200	3.4210577
1202152200	5302182100	3.2608871
1202152200	5302328100	3.2599916
1202152200	6302252900	3.1118758
1202243500	1202345400	3.1698005
1202243500	5302246600	3.1595933
1202269500	1202345400	4.194531
1202269500	1302132700	3.327582
1202269500	2102191000	3.4653678
1202269500	2102293700	3.2946036
1202269500	2102313400	3.1497931
1202269500	2202101700	3.0268722
1202269500	2202593400	3.1166337
1202269500	2302229900	3.2889462
1202269500	3102251300	3.4608133
1202269500	3102421900	3.2357028
1202269500	3202313700	3.3908334
1202269500	3302306900	3.412336
1202269500	3302424900	3.7571652
1202269500	4202076400	3.1380672
1202269500	4202248700	3.0025518
1202269500	4302363600	3.2461023
1202269500	6102092300	3.1371322
1202269500	6102275200	3.3931942
1202269500	6202302700	3.0872555
1202269500	6302244300	3.1008475
1202269500	7102047000	3.1462026
1202278200	1202345400	3.0417552
1202345400	1202351200	3.4213936
1202345400	1302098400	4.085753
1202345400	1302132700	3.14343
1202345400	1302141800	3.3917093
1202345400	1302196700	4.3522167
1202345400	1302200800	4.0779357
1202345400	1302264900	3.800385
1202345400	1302285200	3.3239303
1202345400	1302332800	3.8047059
1202345400	1302334400	3.1183295
1202345400	1302392300	3.3779817
1202345400	1302408400	3.530396
1202345400	1302432400	3.4235065
1202345400	2102031200	3.3990881
1202345400	2102087000	4.7347302
1202345400	2102126100	3.3278487
1202345400	2102134900	3.9036782
1202345400	2102191000	3.6913064
1202345400	2102293700	3.7218173
1202345400	2102300100	3.7985885
1202345400	2102313400	3.8882
1202345400	2102343100	3.647252
1202345400	2102345800	3.5487218
1202345400	2102428400	3.086375
1202345400	2102527600	3.402041
1202345400	2202101700	4.4103503
1202345400	2202124600	3.162361
1202345400	2202172800	4.1376705
1202345400	2202278800	3.2486022
1202345400	2202291200	3.95314
1202345400	2202295300	3.5564618
1202345400	2202340700	3.2299836
1202345400	2202366700	3.8986392
1202345400	2202371400	3.2528837
1202345400	2202440200	3.9884617
1202345400	2202521100	3.6811385
1202345400	2202593400	3.729681
1202345400	2302031000	3.5068974
1202345400	2302084300	4.713075
1202345400	2302087900	4.55758
1202345400	2302139500	3.7938538
1202345400	2302145900	3.7091186
1202345400	2302165200	4.3485727
1202345400	2302185400	3.6586301
1202345400	2302205700	3.133264
1202345400	2302229900	4.745472
1202345400	2302236800	4.711531
1202345400	2302257400	3.642129
1202345400	2302269700	3.0283453
1202345400	2302297900	3.0501647
1202345400	2302321100	3.881139
1202345400	2302369700	3.0848224
1202345400	2302483800	3.2853708
1202345400	2302523100	4.472759
1202345400	2302555000	3.4394896
1202345400	2302588200	3.276506
1202345400	3102185800	3.3187203
1202345400	3102204900	3.9919841
1202345400	3102205000	4.241788
1202345400	3102237700	3.3674557
1202345400	3102244600	3.0425901
1202345400	3102251300	4.2662067
1202345400	3102270500	3.3553205
1202345400	3102281600	3.3555863
1202345400	3102289500	3.4346638
1202345400	3102318400	3.0518253
1202345400	3102326700	4.1630735
1202345400	3102334500	4.1909237
1202345400	3102342800	3.7106802
1202345400	3102377500	3.0104628
1202345400	3102416100	3.6315656
1202345400	3102421900	3.938199
1202345400	3202160100	3.8945549
1202345400	3202162100	3.3474073
1202345400	3202231400	3.3864012
1202345400	3202237000	3.244901
1202345400	3202251500	3.277369
1202345400	3202275400	3.0235133
1202345400	3202304100	4.3738227
1202345400	3202347500	3.7822914
1202345400	3202393200	3.6271148
1202345400	3202399300	4.0202723
1202345400	3302044700	3.449043
1202345400	3302109500	3.0884345
1202345400	3302180500	3.8768113
1202345400	3302193800	3.2582424
1202345400	3302201300	3.1084516
1202345400	3302210500	3.589376
1202345400	3302226500	3.108861
1202345400	3302306900	4.2329817
1202345400	3302312800	3.7369854
1202345400	3302320600	3.7046702
1202345400	3302327400	3.1000707
1202345400	3302348800	3.7234912
1202345400	3302357400	3.2419758
1202345400	3302424900	4.8595314
1202345400	3302438700	3.0115585
1202345400	4102014000	3.4412625
1202345400	4102017200	4.111883
1202345400	4102027800	4.8831153
1202345400	4102044600	4.1679087
1202345400	4102052500	3.2860343
1202345400	4102056200	3.5330663
1202345400	4102071300	3.4048452
1202345400	4102092400	3.1401439
1202345400	4102101800	3.365848
1202345400	4102102100	3.4524496
1202345400	4102106300	3.9797273
1202345400	4102122900	3.483012
1202345400	4102126300	3.9546533
1202345400	4102147600	3.2816668
1202345400	4102214400	3.7500837
1202345400	4102255000	3.1974766
1202345400	4102283700	3.8948278
1202345400	4102317800	3.6675434
1202345400	4102358800	3.5780323
1202345400	4102407100	4.578974
1202345400	4202042400	3.2032526
1202345400	4202047700	3.8952048
1202345400	4202068400	3.4951575
1202345400	4202076400	4.0490837
1202345400	4202102400	3.2280262
1202345400	4202180800	3.0788198
1202345400	4202202300	4.1140857
1202345400	4202216800	3.1315606
1202345400	4202227200	4.260953
1202345400	4202234100	3.0177233
1202345400	4202248700	3.5757701
1202345400	4202278000	4.4755526
1202345400	4202290200	3.7619383
1202345400	4202328400	3.7041304
1202345400	4202337000	3.0488243
1202345400	4202375000	4.3012424
1202345400	4302050100	3.6546118
1202345400	4302052400	3.1853821
1202345400	4302107200	3.0742528
1202345400	4302128400	3.6471531
1202345400	4302128700	3.2897496
1202345400	4302136900	3.0999653
1202345400	4302185100	3.4724739
1202345400	4302229200	3.6469924
1202345400	4302276400	5.604337
1202345400	4302309900	3.5896907
1202345400	4302322000	4.017596
1202345400	4302343800	3.21976
1202345400	5102088200	3.5693703
1202345400	5102098700	3.4977827
1202345400	5102166000	3.5691779
1202345400	5102338600	3.3165348
1202345400	5102375000	3.4325545
1202345400	5102428800	4.2656503
1202345400	5202022300	3.383906
1202345400	5202101300	3.312505
1202345400	5202103900	4.084145
1202345400	5202166900	3.0771267
1202345400	5202227200	3.840758
1202345400	5202251900	3.284765
1202345400	5202330600	3.4853585
1202345400	5202398100	3.325118
1202345400	5202444000	3.3078773
1202345400	5202561500	3.5624135
1202345400	5302022200	3.343195
1202345400	5302110900	3.2899127
1202345400	5302122000	3.5388842
1202345400	5302135900	3.5320024
1202345400	5302156300	3.1374779
1202345400	5302182100	3.8407786
1202345400	5302242300	4.530569
1202345400	5302246600	3.395653
1202345400	5302293700	3.7353663
1202345400	5302328100	4.4378366
1202345400	5302554100	3.7892427
1202345400	5302568300	3.452655
1202345400	6102000300	4.1229897
1202345400	6102149500	3.4497402
1202345400	6102168000	3.165111
1202345400	6102177600	4.9760666
1202345400	6102187100	3.932415
1202345400	6102216900	3.5844674
1202345400	6102266600	3.9411647
1202345400	6102275200	3.9215257
1202345400	6102285400	3.0507147
1202345400	6102348200	3.086113
1202345400	6102406700	3.1682389
1202345400	6202069800	3.9720113
1202345400	6202188900	3.0655506
1202345400	6202207100	4.0317707
1202345400	6202223100	3.6247234
1202345400	6202230400	3.1537442
1202345400	6202251200	4.484901
1202345400	6202261900	3.1815884
1202345400	6202300200	3.8571713
1202345400	6202302700	3.342074
1202345400	6202361000	3.0596516
1202345400	6202383300	3.3242376
1202345400	6202428600	3.5950897
1202345400	6202456500	3.2330801
1202345400	6302139200	3.2160778
1202345400	6302143400	3.0482771
1202345400	6302154100	3.8752902
1202345400	6302182700	3.1676981
1202345400	6302186900	3.3879051
1202345400	6302244300	3.1785176
1202345400	6302252900	3.6222808
1202345400	6302256100	3.7848392
1202345400	6302277300	3.6987803
1202345400	6302332200	3.00705
1202345400	6302348500	3.3084922
1202345400	7102047000	4.944582
1202345400	7102065500	3.626397
1202345400	7102311100	3.3725798
1202345400	7102358900	3.380816
1202345400	7102362000	3.5694413
1202345400	7102446700	3.585061
1202345400	7202022800	3.5905974
1202345400	7202075600	3.178466
1202345400	7202130900	3.21137
1202345400	7202137600	3.3845236
1202345400	7202144600	3.399466
1202345400	7202150600	3.7870097
1202345400	7202155800	4.3897715
1202345400	7202271100	3.3505228
1202345400	7302024200	3.4335873
1202345400	7302041700	4.211564
1202345400	7302128300	4.867676
1202345400	7302211000	3.8577616
1202345400	7302252900	3.163541
1202345400	7302324400	3.4615347
1202345400	7302352900	3.9029522
1202345400	7302364200	3.094084
1202345400	7302377000	4.2432246
1202383800	1302187700	3.1310751
1202383800	1302334400	3.1619399
1202383800	1302392300	3.340592
1202383800	1302432400	3.3032324
1202383800	2102087000	3.0087607
1202383800	2102134900	3.6247509
1202383800	2102313400	3.3140595
1202383800	2202172800	3.6066525
1202383800	2302084300	3.3180873
1202383800	2302139500	3.6963594
1202383800	2302185400	3.1554673
1202383800	2302229900	3.0341713
1202383800	2302297900	3.1152012
1202383800	2302321100	3.1937737
1202383800	2302523100	3.4844546
1202383800	3102281600	4.497108
1202383800	3102289500	3.732454
1202383800	3102421900	3.4661288
1202383800	3202162100	3.4517128
1202383800	3202231400	3.1040502
1202383800	3202304100	3.0223393
1202383800	3302306900	3.0312016
1202383800	4102052500	3.0466714
1202383800	4102092400	3.1019392
1202383800	4102102100	3.3927517
1202383800	4102202100	3.5197554
1202383800	4102358800	3.0011694
1202383800	4202042400	3.1169212
1202383800	4202047700	3.049423
1202383800	4202202300	3.1819808
1202383800	4202278000	3.1935358
1202383800	4202290200	3.1552129
1202383800	4202328400	3.4337978
1202383800	4202337000	3.0719078
1202383800	4302052400	3.1841798
1202383800	4302082300	3.3210218
1202383800	4302276400	3.1285648
1202383800	4302338900	3.3053706
1202383800	5102375000	3.100726
1202383800	5202251900	3.2591782
1202383800	5302022200	3.8436918
1202383800	5302156300	3.1257367
1202383800	5302242300	3.2664955
1202383800	5302328100	3.3550744
1202383800	6102000300	3.404124
1202383800	6202223100	3.7361662
1202383800	6202428600	3.2495959
1202383800	6302154100	3.5503857
1202383800	6302256100	3.2604373
1202383800	7102047000	3.1289845
1202383800	7102257600	3.6840887
1202383800	7202130900	3.0478663
1202383800	7202155800	3.589348
1202383800	7302377000	3.0956285
1202450600	7102446700	3.2419732
1302098400	1302141800	3.1682222
1302098400	1302196700	3.1758018
1302098400	1302285200	3.050594
1302098400	1302429900	3.04229
1302098400	2102087000	3.0555055
1302098400	2102293700	3.017273
1302098400	2102313400	3.2231464
1302098400	2202101700	3.2901707
1302098400	2202172800	3.1310115
1302098400	2202278800	3.1066828
1302098400	2202366700	3.1102648
1302098400	2202521100	3.23341
1302098400	2302084300	3.8930798
1302098400	2302087900	3.5096765
1302098400	2302185400	3.0764058
1302098400	2302205700	3.116049
1302098400	2302523100	3.2383451
1302098400	3102204900	4.0549383
1302098400	3102251300	3.1708145
1302098400	3102289500	3.0840008
1302098400	3102334500	3.7767057
1302098400	3102342800	3.6965222
1302098400	3102421900	3.2542796
1302098400	3202237000	3.625361
1302098400	3202304100	3.554579
1302098400	3202313700	3.693763
1302098400	3202347500	3.117194
1302098400	3302180500	3.0289586
1302098400	3302210500	3.2346497
1302098400	3302226500	3.277393
1302098400	3302320600	3.6558943
1302098400	4102014000	3.1449137
1302098400	4102027800	3.9275997
1302098400	4102102100	3.0152214
1302098400	4102126300	3.2926762
1302098400	4102202100	3.0757682
1302098400	4102407100	3.1820416
1302098400	4202047700	3.7378018
1302098400	4202068400	3.8787673
1302098400	4202076400	3.2049239
1302098400	4202216800	3.1326666
1302098400	4202248700	3.3047261
1302098400	4202278000	4.291118
1302098400	4202375000	3.0024633
1302098400	4302276400	3.7460442
1302098400	4302322000	3.344117
1302098400	4302363600	3.5682774
1302098400	5102166000	3.2883196
1302098400	5102428800	3.3417563
1302098400	5202227200	3.2833579
1302098400	5202464300	3.759269
1302098400	5302012200	3.1858904
1302098400	5302135900	3.7540245
1302098400	5302328100	3.356044
1302098400	6102000300	3.3892667
1302098400	6102266600	3.5449648
1302098400	6302256100	3.8088474
1302098400	6302348500	3.001467
1302098400	7102047000	3.4768798
1302098400	7102362000	3.4309518
1302098400	7202137600	3.3096337
1302098400	7302377000	3.325441
1302132700	2102191000	3.8063824
1302132700	2102293700	3.486541
1302132700	3202313700	3.01888
1302132700	3302109500	3.4112093
1302132700	3302424900	3.3787549
1302132700	5202022300	3.1743345
1302132700	6102092300	3.3181536
1302132700	6102275200	3.4365165
1302132700	6202302700	3.6072907
1302132700	6302244300	3.4190645
1302132700	7102362000	3.1484394
1302132700	7302324400	3.0036538
1302141800	2102300100	3.575804
1302141800	2102343100	3.4531054
1302141800	2202278800	3.152382
1302141800	2202340700	3.021206
1302141800	2202366700	3.132018
1302141800	2302087900	3.2305448
1302141800	2302523100	3.292292
1302141800	2302555000	3.462975
1302141800	3102102200	3.5972235
1302141800	3102204900	3.2401228
1302141800	3102326700	3.0177593
1302141800	3102334500	3.198899
1302141800	3102342800	3.028808
1302141800	3202304100	3.074928
1302141800	3202313700	3.1706522
1302141800	3202347500	3.9021077
1302141800	3302210500	3.0907445
1302141800	3302348800	3.3993974
1302141800	4102027800	3.1165695
1302141800	4102126300	3.3236504
1302141800	4202047700	3.3167922
1302141800	4302229200	3.3189917
1302141800	4302322000	3.0512106
1302141800	4302363600	3.76186
1302141800	5102375000	3.1122644
1302141800	5102428800	3.4699879
1302141800	5302012200	3.1185393
1302141800	5302135900	3.3058589
1302141800	5302182100	3.2402222
1302141800	5302328100	3.3373134
1302141800	6102266600	3.4239693
1302141800	6302256100	3.4887354
1302141800	6302348500	3.1495535
1302141800	7102118800	3.1489182
1302141800	7102254400	3.2342973
1302141800	7102358900	3.3287914
1302187700	1302429900	3.4803698
1302187700	4202076400	3.1357975
1302187700	5302242300	3.0029905
1302187700	6202456500	3.138811
1302187700	6302154100	3.1093075
1302187700	6302277300	3.0316436
1302196700	1302429900	3.3231595
1302196700	2102031200	3.0959618
1302196700	2302087900	3.049021
1302196700	2302523100	3.2912743
1302196700	2302555000	3.0185893
1302196700	3102204900	3.013576
1302196700	3102334500	3.0976174
1302196700	3102342800	3.1021144
1302196700	3202304100	3.269653
1302196700	3202313700	3.1872528
1302196700	4102027800	3.0963511
1302196700	4202047700	3.1743588
1302196700	4202248700	3.1334023
1302196700	4302229200	3.0451865
1302196700	4302276400	3.390708
1302196700	4302363600	3.2705286
1302196700	5102166000	3.0009677
1302196700	5102428800	3.3904276
1302196700	5202464300	3.2385688
1302196700	5302182100	3.1291203
1302196700	5302328100	3.2702727
1302196700	6102266600	3.6450684
1302196700	6302256100	3.2758632
1302196700	7102047000	3.4847713
1302200800	1302285200	3.036885
1302200800	2102191000	3.1582408
1302200800	2302229900	3.1741848
1302200800	2302257400	3.5553184
1302200800	3102421900	3.2210727
1302200800	3302306900	3.0112872
1302200800	3302424900	3.2506964
1302200800	4102071300	3.2264726
1302200800	4102202100	3.834079
1302200800	4202076400	3.113407
1302200800	4202227200	3.3449564
1302200800	4202278000	3.0648885
1302200800	4202375000	3.0512092
1302200800	5202227200	3.016041
1302200800	5202464300	3.1874356
1302200800	6202069800	3.2610333
1302285200	2202278800	3.1524663
1302285200	2202366700	3.1701841
1302285200	2302084300	3.021571
1302285200	2302087900	3.3476627
1302285200	3102204900	3.1785903
1302285200	3102251300	3.220352
1302285200	3102334500	3.1082742
1302285200	3102342800	3.0831976
1302285200	3102421900	3.2775705
1302285200	3302210500	3.2379422
1302285200	3302320600	3.4532905
1302285200	4102014000	3.3613753
1302285200	4102027800	3.2204669
1302285200	4102044600	3.0110092
1302285200	4102056200	3.0714238
1302285200	4102102100	3.29272
1302285200	4102126300	3.6622097
1302285200	4202076400	3.0231183
1302285200	4202227200	3.2038474
1302285200	4202248700	3.404646
1302285200	4202278000	3.471172
1302285200	5102375000	3.239446
1302285200	5202227200	3.024238
1302285200	5302328100	3.3957224
1302285200	6302186900	3.0027611
1302285200	6302256100	3.1765485
1302285200	7102362000	3.1406887
1302285200	7202137600	3.553609
1302285200	7302324400	3.0269094
1302285200	7302377000	3.1559455
1302332800	1302334400	3.1071284
1302332800	2302185400	3.0658038
1302332800	2302523100	3.2294555
1302332800	4302363600	3.119047
1302332800	5202464300	3.8564756
1302332800	5302242300	3.2159708
1302332800	6102266600	3.0223637
1302332800	6202456500	3.3438685
1302332800	6302154100	3.0338104
1302332800	6302256100	3.139164
1302332800	7202075600	3.1094704
1302334400	1302432400	3.1262023
1302334400	2202172800	3.0150228
1302334400	2202366700	3.376994
1302334400	2302205700	3.2073352
1302334400	2302321100	3.0294504
1302334400	2302523100	3.4094942
1302334400	3202313700	3.1230292
1302334400	4102044600	3.335608
1302334400	4102102100	3.3157585
1302334400	4102202100	3.6326861
1302334400	4202202300	3.1089354
1302334400	4202248700	3.2325919
1302334400	4302185100	3.0305445
1302334400	5302022200	3.1344848
1302334400	5302156300	3.096242
1302334400	5302328100	3.076166
1302334400	6102000300	3.1654782
1302334400	6202223100	3.1436129
1302334400	6202456500	3.1913085
1302334400	6302154100	3.1415536
1302334400	6302256100	3.0609016
1302334400	7102047000	3.03756
1302334400	7102340400	3.0761049
1302392300	2102087000	3.0401878
1302392300	2102313400	3.4168282
1302392300	2202172800	3.3009288
1302392300	2302084300	3.333706
1302392300	2302139500	3.0766253
1302392300	2302185400	3.4523048
1302392300	2302523100	3.1739302
1302392300	3202162100	3.1976354
1302392300	3202237000	3.1969676
1302392300	3202313700	3.0498784
1302392300	4102102100	3.112481
1302392300	4202076400	3.0930555
1302392300	4302322000	3.192409
1302392300	5202251900	3.309586
1302392300	5202464300	3.4143646
1302392300	5302328100	3.101677
1302392300	6102000300	3.4481533
1302392300	6102187100	3.2500982
1302392300	6102275200	3.070572
1302392300	7102257600	3.5029864
1302392300	7202130900	3.368266
1302392300	7302377000	3.3285751
1302408400	1302429900	3.1824625
1302408400	2102031200	3.132777
1302408400	2202521100	3.587548
1302408400	2302165200	3.0835116
1302408400	2302236800	3.1001241
1302408400	2302269700	3.2111356
1302408400	3202313700	3.1039681
1302408400	4102202100	3.1645696
1302408400	5202464300	3.1369767
1302408400	7102065500	3.4626153
1302408400	7102257600	3.5654988
1302429900	2102031200	3.520463
1302429900	2102087000	3.5903351
1302429900	2202101700	3.3657556
1302429900	2202172800	3.3611562
1302429900	2202366700	3.55891
1302429900	2202593400	3.2907562
1302429900	2302084300	3.251897
1302429900	2302087900	3.0209634
1302429900	2302185400	3.1866746
1302429900	2302229900	3.2573357
1302429900	2302517600	3.0533533
1302429900	2302523100	3.4596944
1302429900	3102334500	3.273568
1302429900	3202304100	3.2048118
1302429900	3202313700	3.4551988
1302429900	3302357400	3.5580392
1302429900	4102027800	3.1663506
1302429900	4102052500	3.0731971
1302429900	4102122900	3.1280024
1302429900	4202076400	3.9126346
1302429900	4202202300	4.0045424
1302429900	4302082300	3.365347
1302429900	4302229200	3.0999215
1302429900	4302322000	3.5132782
1302429900	4302343800	3.1903596
1302429900	5102166000	3.102269
1302429900	5102428800	3.2725968
1302429900	5302022200	3.3795435
1302429900	5302156300	3.0749722
1302429900	5302328100	3.129449
1302429900	6102000300	3.3481832
1302429900	6102187100	3.2493553
1302429900	6202223100	3.0390527
1302429900	6202428600	3.128689
1302429900	6202456500	4.0804224
1302429900	6302154100	3.309878
1302429900	6302256100	3.6072397
1302429900	6302277300	3.5610044
1302429900	7102047000	3.0257423
1302429900	7102065500	3.1672957
1302429900	7102311100	3.4217288
1302429900	7202022800	3.0737028
1302429900	7202137600	3.2423077
1302429900	7302377000	3.087269
1302432400	2202295300	3.099287
1302432400	4102202100	3.49583
1302432400	4302082300	3.029029
1302432400	5302242300	3.034562
2102031200	2102087000	3.150925
2102031200	2102313400	3.0749905
2102031200	2102343100	3.7425377
2102031200	2102527600	3.016893
2102031200	2202101700	3.2729897
2102031200	2202366700	3.157932
2102031200	2202521100	3.3345456
2102031200	2202593400	3.687328
2102031200	2302084300	3.4705336
2102031200	2302185400	3.2679904
2102031200	2302523100	3.3387365
2102031200	3202304100	3.2319643
2102031200	3202313700	3.4263794
2102031200	3302438700	3.3025756
2102031200	4202076400	3.068461
2102031200	4202202300	3.3318975
2102031200	4302185100	3.10188
2102031200	4302229200	3.0885851
2102031200	4302322000	3.013027
2102031200	5102338600	3.175601
2102031200	5202251900	3.027052
2102031200	5302182100	3.0280197
2102031200	5302554100	3.0334408
2102031200	6102266600	3.1575778
2102031200	6102275200	3.006534
2102031200	6202456500	3.1054165
2102031200	6302154100	3.0036347
2102031200	6302256100	3.0635743
2102031200	6302277300	3.4285767
2102031200	7102257600	3.8580608
2102031200	7302128300	3.133831
2102031200	7302211000	3.087242
2102087000	2102313400	3.5075743
2102087000	2102345800	3.0198684
2102087000	2202101700	4.402326
2102087000	2202172800	3.8490655
2102087000	2202366700	3.2332141
2102087000	2202521100	3.4426668
2102087000	2202593400	3.3608294
2102087000	2302084300	3.8313096
2102087000	2302087900	3.1250837
2102087000	2302139500	3.0498135
2102087000	2302185400	3.369668
2102087000	2302229900	3.693283
2102087000	2302236800	3.0573785
2102087000	2302257400	3.0622423
2102087000	2302523100	3.1606746
2102087000	3102251300	3.0398157
2102087000	3102289500	3.4468634
2102087000	3102334500	3.040155
2102087000	3102421900	3.1965532
2102087000	3202162100	3.3698287
2102087000	3202237000	3.0796254
2102087000	3202304100	3.0763521
2102087000	3202313700	4.053336
2102087000	3302320600	3.1507127
2102087000	3302424900	3.6353862
2102087000	4102027800	3.122555
2102087000	4102102100	3.454638
2102087000	4102147600	3.0293498
2102087000	4102202100	3.1165943
2102087000	4102358800	3.0849333
2102087000	4202076400	3.921963
2102087000	4202227200	3.4868226
2102087000	4202278000	3.2133987
2102087000	4302322000	3.4098911
2102087000	4302363600	3.4965954
2102087000	5102375000	3.1397755
2102087000	5202022300	3.4023616
2102087000	5202227200	3.2387352
2102087000	5202464300	3.2280529
2102087000	5302328100	3.0515163
2102087000	6102000300	3.612997
2102087000	6102149500	3.2493968
2102087000	6102187100	3.1427774
2102087000	6102275200	3.647139
2102087000	6302256100	3.3550923
2102087000	6302277300	3.064386
2102087000	7102047000	3.0471556
2102087000	7102065500	3.1740766
2102087000	7102257600	3.5310926
2102087000	7102311100	3.4289558
2102087000	7102362000	3.1545854
2102087000	7202130900	3.033538
2102087000	7202137600	3.0937264
2102087000	7202155800	3.2109044
2102087000	7302316100	3.275422
2102087000	7302377000	3.823255
2102134900	2102313400	3.111398
2102134900	2302139500	3.1256876
2102134900	2302523100	3.2170966
2102134900	3202162100	3.8120883
2102134900	3202313700	3.1059823
2102134900	3302306900	3.131375
2102134900	4102052500	3.0820644
2102134900	4102202100	3.1538572
2102134900	4202076400	3.4664922
2102134900	5302242300	3.156875
2102134900	6102168000	3.0518463
2102134900	6302154100	3.1972556
2102134900	7102257600	3.098994
2102134900	7202130900	3.7164652
2102191000	2102293700	4.0254397
2102191000	2202101700	3.0348375
2102191000	2202521100	3.1284084
2102191000	2302084300	3.058336
2102191000	3202313700	3.280914
2102191000	3302109500	3.0495288
2102191000	3302320600	3.0867753
2102191000	3302424900	3.162496
2102191000	4202278000	3.1408389
2102191000	5102166000	3.0182853
2102191000	5102485700	3.1878242
2102191000	5202022300	3.0447226
2102191000	6102092300	3.4087923
2102191000	6102275200	3.17068
2102191000	7102362000	3.4217255
2102191000	7302324400	3.394108
2102257000	3302193800	3.5346344
2102293700	3102251300	3.0003812
2102293700	3202313700	3.060017
2102293700	3302109500	3.100841
2102293700	3302320600	3.1699524
2102293700	4202233700	3.0022082
2102293700	4202278000	3.3070505
2102293700	5102166000	3.3724282
2102293700	6102092300	3.4193408
2102293700	6102275200	3.1034474
2102293700	6202302700	3.205722
2102293700	7102047000	3.0284543
2102293700	7102362000	3.6589663
2102293700	7202137600	3.085177
2102293700	7302324400	3.2220752
2102293700	7302377000	3.0136275
2102300100	2102343100	3.2612867
2102300100	2202278800	3.5409875
2102300100	2202366700	3.0283449
2102300100	2302555000	3.3916922
2102300100	3102204900	3.3971512
2102300100	3102334500	3.2875192
2102300100	3102342800	3.1239996
2102300100	3202347500	3.363584
2102300100	3302210500	3.2374198
2102300100	3302348800	3.4895427
2102300100	4102044600	3.1485813
2102300100	4102407100	3.0267606
2102300100	4202047700	3.3482516
2102300100	4302229200	3.4265451
2102300100	4302363600	3.6274445
2102300100	5102428800	3.605143
2102300100	5202464300	3.0819864
2102300100	5302328100	3.045527
2102300100	6102266600	3.3121624
2102300100	6102285400	3.0107741
2102300100	7102358900	3.6553197
2102313400	2102527600	3.2693524
2102313400	2202101700	3.3626587
2102313400	2202172800	3.4714544
2102313400	2202366700	3.2503798
2102313400	2202371400	3.2931561
2102313400	2202521100	3.330652
2102313400	2302084300	4.282405
2102313400	2302139500	4.026954
2102313400	2302165200	3.162877
2102313400	2302185400	4.227064
2102313400	2302229900	3.1126976
2102313400	2302236800	3.428755
2102313400	2302257400	3.2011564
2102313400	2302523100	3.9161673
2102313400	3102251300	3.2369602
2102313400	3102289500	3.9834795
2102313400	3102421900	3.4573193
2102313400	3202162100	3.4213605
2102313400	3202237000	3.2735903
2102313400	3202304100	3.7276876
2102313400	3202313700	4.216163
2102313400	3302109500	3.0881355
2102313400	3302306900	3.0282161
2102313400	3302320600	3.140176
2102313400	3302424900	3.2658553
2102313400	4102014000	3.14521
2102313400	4102027800	3.3861935
2102313400	4102092400	3.0406713
2102313400	4102102100	4.415149
2102313400	4102202100	3.1039965
2102313400	4102214400	3.5105293
2102313400	4102358800	3.4676993
2102313400	4202068400	3.2654662
2102313400	4202102400	3.3691816
2102313400	4202202300	3.3196023
2102313400	4202227200	3.2951868
2102313400	4202278000	3.2902048
2102313400	4302229200	3.001084
2102313400	4302276400	3.1035182
2102313400	4302322000	3.535103
2102313400	4302363600	3.961261
2102313400	5102375000	3.075685
2102313400	5202022300	3.1886714
2102313400	5202103900	3.0074272
2102313400	5202227200	3.0885372
2102313400	5202251900	3.5175285
2102313400	5202413000	3.2126071
2102313400	5202464300	4.5313554
2102313400	5302182100	3.1939142
2102313400	5302242300	3.8140965
2102313400	5302328100	3.0550742
2102313400	6102000300	3.6559985
2102313400	6102149500	3.4101412
2102313400	6102168000	3.242386
2102313400	6102187100	3.3644693
2102313400	6102275200	4.0655894
2102313400	6202223100	3.7948987
2102313400	6202302700	3.1880872
2102313400	6202428600	3.0861185
2102313400	6302154100	3.1854832
2102313400	6302182700	3.037746
2102313400	6302256100	3.3322256
2102313400	7102047000	3.4915419
2102313400	7102257600	3.6814966
2102313400	7202022800	3.5811975
2102313400	7202075600	3.221771
2102313400	7202130900	3.4997709
2102313400	7202155800	3.4907994
2102313400	7302377000	3.3714945
2102343100	2302555000	3.0475638
2102343100	3102204900	3.0370998
2102343100	3102334500	3.2448823
2102343100	3202304100	3.2699711
2102343100	3202347500	3.0454624
2102343100	3302348800	3.5582001
2102343100	4102027800	3.0393178
2102343100	4202047700	3.133614
2102343100	4302229200	3.2163968
2102343100	4302363600	3.6995761
2102343100	5102428800	3.2445245
2102343100	5202251900	3.007236
2102343100	5302012200	3.2632165
2102343100	5302182100	3.3123071
2102343100	6102266600	3.272017
2102343100	7102358900	3.1899302
2102343100	7302041700	3.2511768
2102343100	7302128300	3.3391466
2102345800	2202521100	3.666589
2102345800	2302084300	3.1017005
2102345800	3102270500	3.2024162
2102345800	4102202100	3.166812
2102345800	4202290200	3.0986238
2102345800	4302107200	3.0661662
2102345800	6102000300	3.0737698
2102345800	7202130900	3.0076263
2102428400	2302369700	3.0063248
2102527600	2202278800	3.2238765
2102527600	2202366700	3.3253608
2102527600	2202521100	3.295788
2102527600	2302084300	3.0859632
2102527600	2302185400	3.2808125
2102527600	2302523100	3.1162252
2102527600	3202237000	3.137848
2102527600	3202304100	3.1757677
2102527600	3302193800	3.163378
2102527600	4102102100	3.0534167
2102527600	4202076400	3.014264
2102527600	4302363600	3.7857656
2102527600	5202101300	3.068655
2102527600	5202251900	3.2654545
2102527600	5202464300	3.922546
2102527600	7102047000	3.1156218
2102527600	7102257600	3.0441535
2102527600	7202075600	3.391944
2202101700	2202172800	3.3806748
2202101700	2202366700	3.01951
2202101700	2202521100	3.161332
2202101700	2202593400	3.1010609
2202101700	2302084300	4.101997
2202101700	2302087900	3.1544006
2202101700	2302185400	3.1084948
2202101700	2302229900	3.3480465
2202101700	2302257400	3.0676491
2202101700	3102204900	3.2358832
2202101700	3102251300	3.433256
2202101700	3102289500	3.19495
2202101700	3102334500	3.2053275
2202101700	3102421900	3.2977695
2202101700	3202162100	3.0817068
2202101700	3202237000	3.210424
2202101700	3202304100	3.063276
2202101700	3202313700	4.0266604
2202101700	3302320600	3.0463052
2202101700	3302424900	3.1600788
2202101700	4102027800	3.263242
2202101700	4102102100	3.0294428
2202101700	4202076400	3.6682932
2202101700	4202227200	3.1316636
2202101700	4202278000	3.3214066
2202101700	4302322000	3.3248973
2202101700	4302363600	3.8361561
2202101700	5202022300	3.1028774
2202101700	5202227200	3.4731138
2202101700	5202464300	3.2289457
2202101700	6102000300	3.2414505
2202101700	6102187100	3.2274485
2202101700	6102275200	3.4290745
2202101700	6302256100	3.1367373
2202101700	7102047000	3.092835
2202101700	7102257600	3.1868281
2202101700	7102311100	3.3454082
2202101700	7102362000	3.270307
2202101700	7302316100	3.068729
2202101700	7302377000	3.5710213
2202124600	2302031000	3.4767692
2202124600	6202361000	3.385634
2202124600	6302026500	3.020049
2202172800	2202366700	3.149862
2202172800	2202521100	3.4523954
2202172800	2302084300	3.7265873
2202172800	2302087900	3.2878623
2202172800	2302139500	3.304097
2202172800	2302185400	3.4963074
2202172800	2302229900	3.275873
2202172800	2302523100	3.4630573
2202172800	3102289500	3.466044
2202172800	3102334500	3.09015
2202172800	3102421900	3.0818813
2202172800	3202162100	3.568404
2202172800	3202237000	3.318675
2202172800	3202304100	3.206877
2202172800	3202313700	3.5248022
2202172800	3302320600	3.0384963
2202172800	3302424900	3.1216722
2202172800	4102027800	3.3143206
2202172800	4102102100	3.727815
2202172800	4102202100	3.4522648
2202172800	4202076400	3.5651953
2202172800	4202227200	3.097612
2202172800	4202278000	3.4885232
2202172800	4302276400	3.1529074
2202172800	4302322000	3.5324326
2202172800	4302363600	3.0141397
2202172800	5102375000	3.1004372
2202172800	5202227200	3.0135536
2202172800	5202464300	3.7390726
2202172800	5302022200	3.076474
2202172800	5302242300	3.2549012
2202172800	5302328100	3.302269
2202172800	6102000300	4.526622
2202172800	6202223100	3.424226
2202172800	6302154100	3.3247094
2202172800	6302256100	3.2016675
2202172800	7102047000	3.2820456
2202172800	7102065500	3.2447915
2202172800	7102257600	3.4117947
2202172800	7102311100	3.1328554
2202172800	7102362000	3.1065524
2202172800	7202130900	3.3563244
2202172800	7202137600	3.137683
2202172800	7302377000	3.7224603
2202278800	2202366700	3.773945
2202278800	2302084300	3.0405252
2202278800	2302087900	3.339711
2202278800	2302185400	3.0532472
2202278800	2302523100	3.0902722
2202278800	2302555000	3.234942
2202278800	3102204900	3.558159
2202278800	3102251300	3.135967
2202278800	3102334500	3.4459252
2202278800	3102342800	3.1060271
2202278800	3102421900	3.1058846
2202278800	3202237000	3.1355557
2202278800	3202304100	3.233888
2202278800	3302180500	3.0722272
2202278800	3302210500	3.0257745
2202278800	3302320600	3.1918058
2202278800	4102027800	3.2185013
2202278800	4102044600	3.300078
2202278800	4102126300	3.2813644
2202278800	4102407100	3.4850998
2202278800	4202047700	3.3432949
2202278800	4202248700	3.3175783
2202278800	4302229200	3.3198438
2202278800	4302363600	4.0717654
2202278800	5102275800	3.135665
2202278800	5102428800	3.6183064
2202278800	5202464300	3.3898406
2202278800	5302328100	3.5392537
2202278800	6102266600	3.2014606
2202278800	6302256100	3.1212533
2202278800	7102047000	3.1176202
2202278800	7102358900	3.1768875
2202278800	7202075600	3.4327674
2202295300	6202261900	3.069492
2202340700	2302555000	3.1152623
2202340700	3102326700	3.3980534
2202340700	3302312800	3.0849237
2202340700	4102044600	3.522478
2202340700	4302363600	3.0979831
2202340700	5102428800	3.0172012
2202340700	6102177600	3.0133257
2202340700	7102118800	3.5279894
2202340700	7102254400	3.292634
2202340700	7102358900	3.083235
2202340700	7202150600	3.106354
2202340700	7302252900	3.2966323
2202366700	2202521100	3.4456127
2202366700	2202593400	3.0302665
2202366700	2302084300	3.4086473
2202366700	2302087900	3.5268645
2202366700	2302185400	3.653337
2202366700	2302229900	3.1252456
2202366700	2302523100	4.0251384
2202366700	3102204900	3.3290899
2202366700	3102251300	3.064281
2202366700	3102289500	3.1768665
2202366700	3102334500	3.4157107
2202366700	3102421900	3.096932
2202366700	3202237000	3.339597
2202366700	3202304100	3.2913651
2202366700	3202313700	3.7708807
2202366700	3202347500	3.1269417
2202366700	3302210500	3.18841
2202366700	3302320600	3.135238
2202366700	3302424900	3.0039425
2202366700	4102027800	3.249503
2202366700	4102044600	3.543287
2202366700	4102102100	3.3931465
2202366700	4102126300	3.3368478
2202366700	4102407100	3.147545
2202366700	4202047700	3.0498276
2202366700	4202068400	3.0076663
2202366700	4202076400	3.4805124
2202366700	4202102400	3.0786006
2202366700	4202248700	3.3146808
2202366700	4302229200	3.4106145
2202366700	4302276400	3.0002973
2202366700	4302322000	3.0532572
2202366700	4302363600	3.8656018
2202366700	5102375000	3.1985679
2202366700	5102428800	3.6373472
2202366700	5202251900	3.0008721
2202366700	5202464300	4.028736
2202366700	5302328100	3.7827237
2202366700	6102000300	3.3759348
2202366700	6102266600	3.345529
2202366700	6202456500	3.444136
2202366700	6302154100	3.0994735
2202366700	6302256100	3.8118906
2202366700	7102047000	3.413496
2202366700	7202075600	3.4899156
2202371400	3202313700	3.520281
2202371400	4102202100	3.0547903
2202371400	4202102400	3.0311582
2202371400	4302363600	3.2518935
2202371400	5202464300	3.1953547
2202371400	5302242300	3.1232605
2202375600	7202150600	3.1209223
2202440200	2302555000	3.1353998
2202440200	3102342800	3.5904248
2202440200	3202251500	3.0016725
2202440200	3302180500	3.0759077
2202440200	4302276400	3.0229447
2202440200	5302012200	3.094018
2202521100	2302084300	3.507283
2202521100	2302087900	3.6383636
2202521100	2302165200	3.523597
2202521100	2302185400	3.2978003
2202521100	2302229900	3.2218823
2202521100	2302269700	3.0584686
2202521100	2302321100	3.975736
2202521100	2302523100	3.5795789
2202521100	3102204900	3.1540477
2202521100	3102270500	3.4272022
2202521100	3102289500	3.019842
2202521100	3102334500	3.5504704
2202521100	3102421900	3.0219967
2202521100	3202237000	3.5000079
2202521100	3202304100	3.7317195
2202521100	3202313700	3.830042
2202521100	3302210500	3.196384
2202521100	3302320600	3.2002082
2202521100	3302424900	3.1939096
2202521100	4102017200	3.2037694
2202521100	4102027800	3.4613402
2202521100	4102102100	3.2202358
2202521100	4102126300	3.0425696
2202521100	4202068400	3.4092014
2202521100	4202102400	3.0312715
2202521100	4202180800	3.0121522
2202521100	4202227200	3.091249
2202521100	4202278000	3.1495993
2202521100	4202290200	3.2608294
2202521100	4202375000	3.0185602
2202521100	4302107200	3.0927296
2202521100	4302276400	3.1299179
2202521100	4302322000	3.2691803
2202521100	4302363600	3.2964554
2202521100	5202022300	3.309603
2202521100	5202227200	3.5429678
2202521100	5202251900	3.0053558
2202521100	5202413000	3.4129264
2202521100	5302328100	3.233509
2202521100	6102000300	3.7963798
2202521100	6202069800	3.1265442
2202521100	6202223100	3.0136328
2202521100	6202456500	3.1402972
2202521100	6302154100	3.7086358
2202521100	6302182700	3.0641391
2202521100	6302256100	3.11963
2202521100	7102047000	3.3748353
2202521100	7102257600	3.629701
2202521100	7102362000	3.0286274
2202521100	7202130900	3.07029
2202521100	7202137600	3.0014875
2202521100	7202271100	3.2640607
2202521100	7302324400	3.0394204
2202521100	7302352900	3.0231762
2202521100	7302377000	3.134064
2202593400	2302229900	3.0939794
2202593400	2302257400	3.0074234
2202593400	3202313700	3.1513073
2202593400	3302306900	3.2141752
2202593400	3302424900	3.4956753
2202593400	4202076400	3.5846193
2202593400	5202166900	3.0242343
2202593400	6302277300	3.43147
2302031000	2302483800	3.499109
2302031000	6302026500	3.1398456
2302084300	2302087900	3.4149594
2302084300	2302139500	3.132545
2302084300	2302185400	3.5968504
2302084300	2302523100	3.6256943
2302084300	3102204900	3.475974
2302084300	3102251300	3.5050187
2302084300	3102289500	3.398738
2302084300	3102334500	3.5361774
2302084300	3102421900	3.380384
2302084300	3202162100	3.2029147
2302084300	3202237000	3.720934
2302084300	3202304100	3.9821777
2302084300	3202313700	4.472408
2302084300	3302109500	3.0526595
2302084300	3302210500	3.0054755
2302084300	3302226500	3.069175
2302084300	3302320600	3.3948548
2302084300	4102027800	3.9053433
2302084300	4102102100	3.6588533
2302084300	4102126300	3.086852
2302084300	4102202100	3.34458
2302084300	4102407100	3.183563
2302084300	4202047700	3.3570542
2302084300	4202068400	3.328285
2302084300	4202076400	3.6537545
2302084300	4202202300	3.2475579
2302084300	4202216800	3.0685608
2302084300	4202227200	3.0595932
2302084300	4202248700	3.2334664
2302084300	4202278000	3.8267968
2302084300	4202290200	3.025571
2302084300	4302276400	3.4071913
2302084300	4302322000	3.648599
2302084300	4302363600	4.2137103
2302084300	5102166000	3.002338
2302084300	5102428800	3.2618148
2302084300	5202022300	3.3135083
2302084300	5202227200	3.1395009
2302084300	5202251900	3.2049994
2302084300	5202464300	4.3765326
2302084300	5302135900	3.0453901
2302084300	5302328100	3.3939953
2302084300	6102000300	3.906218
2302084300	6102187100	3.2506993
2302084300	6102275200	3.4225779
2302084300	6202223100	3.3106854
2302084300	6302256100	3.6552787
2302084300	7102047000	3.5981069
2302084300	7102257600	3.7747087
2302084300	7102311100	3.0466058
2302084300	7102362000	3.34926
2302084300	7202130900	3.1392164
2302084300	7202137600	3.1619594
2302084300	7302324400	3.0104523
2302084300	7302377000	3.5370057
2302087900	2302185400	3.1606627
2302087900	2302523100	3.5983963
2302087900	2302555000	3.1651568
2302087900	3102204900	4.05683
2302087900	3102251300	3.1783671
2302087900	3102334500	4.1960487
2302087900	3102342800	3.3737733
2302087900	3102421900	3.2748733
2302087900	3202237000	3.2252808
2302087900	3202304100	3.5452824
2302087900	3202313700	3.266486
2302087900	3202347500	3.129725
2302087900	3302180500	3.0619164
2302087900	3302210500	3.7068431
2302087900	3302320600	3.23075
2302087900	4102027800	3.725579
2302087900	4102044600	3.2770264
2302087900	4102106300	3.0540643
2302087900	4102126300	3.7023015
2302087900	4102202100	3.3194733
2302087900	4102407100	3.8778002
2302087900	4202047700	3.502896
2302087900	4202068400	3.0458622
2302087900	4202076400	3.1954455
2302087900	4202248700	3.4694726
2302087900	4202278000	3.4295077
2302087900	4302128400	3.1475892
2302087900	4302276400	3.6061325
2302087900	4302322000	3.2449
2302087900	4302363600	3.2976613
2302087900	5102375000	3.5525246
2302087900	5102428800	3.5803826
2302087900	5202227200	3.1678307
2302087900	5202464300	3.0050976
2302087900	5302012200	3.6171343
2302087900	5302135900	3.0928977
2302087900	5302182100	3.160403
2302087900	5302328100	4.704494
2302087900	6102000300	3.5217333
2302087900	6102177600	3.1192567
2302087900	6102266600	3.509696
2302087900	6302256100	3.5562465
2302087900	7102047000	3.8319676
2302087900	7102362000	3.1585224
2302087900	7202137600	3.1524177
2302087900	7302128300	3.087097
2302087900	7302377000	3.3876274
2302139500	2302185400	3.263419
2302139500	2302523100	3.223611
2302139500	3102289500	3.1303601
2302139500	3102421900	3.054915
2302139500	3202162100	3.5408742
2302139500	3202304100	3.0728498
2302139500	3202313700	3.2551737
2302139500	4102102100	3.2068112
2302139500	4102202100	3.4783304
2302139500	4102358800	3.0077271
2302139500	4302363600	3.1530952
2302139500	5202464300	3.7848778
2302139500	5302242300	3.0306892
2302139500	6102000300	3.623549
2302139500	6102275200	3.1344578
2302139500	6302154100	3.2280917
2302139500	7102257600	3.088913
2302139500	7202130900	3.7126665
2302139500	7202155800	3.0934114
2302139500	7302377000	3.1457498
2302145900	5302554100	3.4135547
2302145900	7302211000	3.3883884
2302165200	2302236800	3.4911623
2302165200	4102202100	3.2776787
2302165200	4202076400	3.2508705
2302185400	2302229900	3.1396418
2302185400	2302523100	4.258898
2302185400	3102204900	3.0285745
2302185400	3102251300	3.0323408
2302185400	3102289500	3.5422502
2302185400	3102318400	3.464173
2302185400	3102334500	3.0655866
2302185400	3102421900	3.2837586
2302185400	3202162100	3.6868396
2302185400	3202237000	3.4283335
2302185400	3202304100	3.8549047
2302185400	3202313700	3.7636113
2302185400	3202347500	3.181938
2302185400	4102027800	3.3784008
2302185400	4102092400	3.019728
2302185400	4102102100	3.4323137
2302185400	4202076400	3.008449
2302185400	4202102400	3.7655463
2302185400	4202278000	3.0151496
2302185400	4202375000	3.2651896
2302185400	4302229200	3.3797035
2302185400	4302276400	3.1738186
2302185400	4302322000	3.7874923
2302185400	4302363600	3.6281755
2302185400	5102375000	3.3274136
2302185400	5102428800	3.104771
2302185400	5202227200	3.1098073
2302185400	5202251900	3.7848315
2302185400	5202464300	4.4347215
2302185400	5302242300	3.421229
2302185400	5302328100	3.593659
2302185400	6102000300	3.7925816
2302185400	6102168000	3.0229437
2302185400	6102266600	3.0212526
2302185400	6202223100	3.0385556
2302185400	6202456500	3.0522408
2302185400	6302154100	3.5255988
2302185400	6302256100	3.5915236
2302185400	7102047000	3.4441326
2302185400	7102257600	3.7009075
2302185400	7202075600	3.7831576
2302185400	7202130900	3.5982172
2302185400	7302377000	3.376353
2302205700	2302523100	3.2106335
2302205700	3102342800	3.0023842
2302205700	4102202100	3.4028468
2302205700	4202047700	3.2989585
2302205700	4202076400	3.0033064
2302205700	4202278000	3.0467644
2302205700	5302135900	3.0621874
2302229900	2302523100	3.2396224
2302229900	3102289500	3.2472377
2302229900	3102421900	3.346283
2302229900	3202162100	3.0578833
2302229900	3202313700	3.526135
2302229900	3302306900	3.0948887
2302229900	3302424900	3.8977985
2302229900	4102071300	3.1043155
2302229900	4102202100	3.3047283
2302229900	4102358800	3.1784983
2302229900	4202076400	3.509589
2302229900	4202227200	3.1780303
2302229900	4202278000	3.0395195
2302229900	4202375000	3.122497
2302229900	4302363600	3.1456041
2302229900	5202227200	3.1687043
2302229900	5202464300	3.2859457
2302229900	5302022200	3.105851
2302229900	6102000300	3.268521
2302229900	6102168000	3.6376762
2302229900	6102275200	3.269863
2302229900	6302256100	3.1186879
2302229900	6302277300	3.0182014
2302229900	7102047000	3.1370146
2302229900	7102362000	3.010338
2302229900	7202155800	3.2618358
2302229900	7302377000	3.3743722
2302236800	2302269700	3.1038215
2302236800	3202162100	3.0063715
2302236800	3202313700	3.0923457
2302236800	3302424900	3.0100343
2302236800	4102202100	3.6312013
2302236800	4102214400	3.5917454
2302236800	4202076400	3.3646712
2302236800	6102187100	3.0374584
2302236800	6102275200	3.300004
2302236800	7102257600	3.0230138
2302236800	7202022800	3.51457
2302236800	7202155800	3.2936003
2302257400	3102289500	3.0230463
2302257400	3202313700	3.4651818
2302257400	3302424900	3.0990305
2302257400	4102071300	3.0961418
2302257400	4102202100	4.380429
2302257400	4202227200	3.33475
2302257400	4302363600	3.1201806
2302257400	5202227200	3.0868266
2302257400	5202464300	3.299936
2302257400	6302244300	3.0396054
2302257400	7302316100	3.0337367
2302269700	3202313700	3.0561142
2302269700	4102202100	3.2167892
2302269700	5202022300	3.0740292
2302297900	4102202100	3.1603892
2302297900	4102358800	3.2033067
2302297900	4302343800	3.0100052
2302297900	4302363600	3.1578383
2302297900	5202464300	3.1417425
2302297900	5302022200	3.2544322
2302321100	4102017200	3.0155962
2302321100	4102202100	3.9505856
2302321100	4202076400	3.279815
2302321100	4302363600	3.017127
2302321100	5202464300	3.141649
2302321100	6202223100	3.1937046
2302321100	7102257600	3.3385437
2302369700	4102202100	3.133982
2302369700	5302182100	3.0071561
2302483800	5102338600	3.0491083
2302499000	3302525300	3.0073442
2302499000	4202076400	3.088762
2302499000	5202363900	3.0405612
2302523100	3102204900	3.1777546
2302523100	3102251300	3.0484598
2302523100	3102289500	3.1751125
2302523100	3102318400	3.3555467
2302523100	3102334500	3.2117903
2302523100	3102421900	3.4559946
2302523100	3202162100	3.1747756
2302523100	3202237000	3.0710683
2302523100	3202304100	3.7956593
2302523100	3202313700	4.4355645
2302523100	3202347500	3.5997267
2302523100	3302357400	3.1639931
2302523100	4102027800	3.4543207
2302523100	4102092400	3.1451907
2302523100	4102102100	3.4199677
2302523100	4102126300	3.141898
2302523100	4102202100	3.6446657
2302523100	4102358800	3.0466955
2302523100	4202047700	3.6176329
2302523100	4202076400	3.16885
2302523100	4202102400	3.5378458
2302523100	4202202300	3.844798
2302523100	4202227200	3.050293
2302523100	4202248700	3.112153
2302523100	4202278000	3.149118
2302523100	4202375000	3.4578872
2302523100	4302128400	3.0609624
2302523100	4302229200	3.2121196
2302523100	4302276400	3.4680722
2302523100	4302322000	3.2188454
2302523100	4302363600	4.102472
2302523100	5102375000	3.4305227
2302523100	5102428800	3.5249848
2302523100	5202103900	3.1212218
2302523100	5202251900	3.997424
2302523100	5202464300	4.499606
2302523100	5302022200	3.0878615
2302523100	5302156300	3.1567764
2302523100	5302182100	3.3240545
2302523100	5302242300	3.8020215
2302523100	5302328100	3.9522777
2302523100	6102000300	3.942543
2302523100	6102168000	3.1205006
2302523100	6102266600	3.4132168
2302523100	6202223100	3.4554312
2302523100	6202428600	3.1543775
2302523100	6202456500	3.63167
2302523100	6302154100	3.8566391
2302523100	6302256100	3.9509468
2302523100	7102047000	3.7795758
2302523100	7102257600	3.4610286
2302523100	7102358900	3.1906245
2302523100	7202075600	3.351488
2302523100	7202130900	3.1142983
2302523100	7202155800	3.1330187
2302523100	7302128300	3.4297996
2302523100	7302377000	3.107067
2302555000	3102326700	3.0492918
2302555000	3102334500	3.182967
2302555000	3102342800	3.309881
2302555000	3202304100	3.2660038
2302555000	3302180500	3.2307289
2302555000	3302348800	3.3359892
2302555000	4102027800	3.202834
2302555000	4102044600	3.0193968
2302555000	4102407100	3.033982
2302555000	4102411600	3.0682166
2302555000	4202047700	3.365926
2302555000	4202076400	3.0125647
2302555000	4302128400	3.4300287
2302555000	4302276400	3.0978885
2302555000	4302363600	3.0112655
2302555000	5102428800	3.3130074
2302555000	5302012200	3.2554276
2302555000	5302328100	3.4288807
2302555000	6102266600	3.2456563
2302555000	6302348500	3.0986788
2302555000	7102358900	3.286884
2302555000	7302211000	3.0276086
2302588200	4202076400	3.2581117
2302588200	4302363600	3.0421672
2302588200	5202464300	3.3805454
2302588200	7202075600	3.0263667
3102102200	3202313700	3.3926282
3102102200	3302348800	3.2662225
3102102200	4302363600	3.2442434
3102102200	5302012200	3.371518
3102102200	5302182100	3.118451
3102102200	6102266600	3.3596404
3102204900	3102251300	3.242661
3102204900	3102334500	3.9644341
3102204900	3102342800	3.5404844
3102204900	3102421900	3.2883315
3102204900	3202237000	3.657501
3102204900	3202304100	3.3035355
3102204900	3202313700	3.3225288
3102204900	3202347500	3.2813916
3102204900	3302180500	3.0672803
3102204900	3302210500	4.1058273
3102204900	3302320600	3.1845362
3102204900	4102027800	3.6402707
3102204900	4102126300	3.4291813
3102204900	4102407100	3.7090056
3102204900	4202047700	4.016015
3102204900	4202068400	3.2915716
3102204900	4202233700	3.0023646
3102204900	4202248700	3.5395155
3102204900	4202278000	3.542969
3102204900	4202375000	3.4200954
3102204900	4302229200	3.116894
3102204900	4302276400	3.5749702
3102204900	4302322000	3.042601
3102204900	4302363600	3.659916
3102204900	5102166000	3.3563037
3102204900	5102428800	3.6989653
3102204900	5202227200	3.183016
3102204900	5202464300	3.3873916
3102204900	5302012200	3.3811955
3102204900	5302135900	3.4930618
3102204900	5302182100	3.0289617
3102204900	5302328100	3.8344483
3102204900	6102000300	3.2228458
3102204900	6102177600	3.1050417
3102204900	6102266600	3.6866815
3102204900	6302256100	3.4069903
3102204900	7102047000	3.6083922
3102204900	7102362000	3.5045748
3102204900	7202137600	3.0577636
3102204900	7302128300	3.1247075
3102204900	7302377000	3.0681365
3102205000	4302363600	3.1762838
3102237700	4202047700	3.1078591
3102237700	5202330600	3.0083296
3102237700	6202207100	3.3121014
3102237700	7102358900	3.054726
3102237700	7302041700	3.1814165
3102237700	7302128300	3.0899928
3102251300	3102334500	3.0684657
3102251300	3102342800	3.0477693
3102251300	3102421900	3.8224645
3102251300	3202304100	3.1656148
3102251300	3202313700	3.1969914
3102251300	3302320600	3.0946538
3102251300	4102027800	3.4703515
3102251300	4102126300	3.6503074
3102251300	4102407100	3.2215338
3102251300	4202076400	3.3601723
3102251300	4202227200	3.0191872
3102251300	4202248700	3.4749062
3102251300	4202278000	3.396959
3102251300	4202375000	3.3718314
3102251300	4302229200	3.0446088
3102251300	4302276400	3.303071
3102251300	4302363600	4.000475
3102251300	5102428800	3.0752745
3102251300	5202227200	3.148323
3102251300	5202464300	3.1640136
3102251300	5302328100	3.2252934
3102251300	6102275200	3.04599
3102251300	6202387000	3.1460195
3102251300	6302256100	3.17627
3102251300	7102047000	3.4959607
3102251300	7302377000	3.1872818
3102270500	4202290200	3.630847
3102270500	4302107200	3.6590738
3102270500	7302352900	3.0005918
3102281600	4102202100	3.519334
3102289500	3102421900	3.195613
3102289500	3202162100	3.1824245
3102289500	3202237000	3.133465
3102289500	3202313700	3.714733
3102289500	3302109500	3.0511334
3102289500	3302306900	3.052182
3102289500	3302320600	3.131662
3102289500	3302424900	3.4052396
3102289500	4102102100	3.8280015
3102289500	4102202100	3.0338664
3102289500	4202076400	3.1901083
3102289500	4202227200	3.2612243
3102289500	4202278000	3.0632293
3102289500	4302322000	3.0426133
3102289500	5102375000	3.0134964
3102289500	5202022300	3.059912
3102289500	5202227200	3.0669882
3102289500	5202464300	3.2413297
3102289500	6102000300	3.1359477
3102289500	6102149500	3.1323042
3102289500	6102275200	3.2821252
3102289500	6302244300	3.0477703
3102289500	6302256100	3.371968
3102289500	7102311100	3.024914
3102289500	7202155800	3.18029
3102289500	7302377000	3.4464238
3102318400	3202162100	3.4275897
3102318400	3202347500	3.2774606
3102318400	3302312800	3.152138
3102318400	4302363600	3.2113528
3102318400	5102375000	3.3721514
3102318400	5202227200	3.036075
3102318400	5202464300	3.2052069
3102318400	5302246600	3.2241473
3102318400	7102257600	3.039324
3102326700	3202347500	3.0447824
3102326700	4302128400	3.0350657
3102326700	7102254400	3.0333285
3102326700	7102358900	3.022895
3102326700	7202150600	3.4344304
3102326700	7302252900	3.4192421
3102334500	3102342800	3.431459
3102334500	3102421900	3.0650961
3102334500	3202237000	3.46015
3102334500	3202304100	3.696917
3102334500	3202313700	3.3052588
3102334500	3202347500	3.1038737
3102334500	3302180500	3.2875378
3102334500	3302210500	3.5793586
3102334500	3302320600	3.6474226
3102334500	3302348800	3.2935855
3102334500	4102027800	4.289038
3102334500	4102044600	3.1300213
3102334500	4102056200	3.1480825
3102334500	4102126300	3.3950608
3102334500	4102407100	3.8691738
3102334500	4202047700	3.4933665
3102334500	4202068400	3.5329044
3102334500	4202248700	3.2830386
3102334500	4202278000	3.595918
3102334500	4302128400	3.044453
3102334500	4302229200	3.205155
3102334500	4302276400	3.4613528
3102334500	4302322000	3.5888832
3102334500	4302363600	3.5674708
3102334500	5102275800	3.065824
3102334500	5102375000	3.0821934
3102334500	5102428800	3.710984
3102334500	5202227200	3.3168638
3102334500	5202464300	3.1719046
3102334500	5302012200	3.2787428
3102334500	5302135900	3.2213528
3102334500	5302328100	3.6228485
3102334500	6102000300	3.4953256
3102334500	6102266600	3.363082
3102334500	6302256100	3.2409675
3102334500	7102047000	3.344821
3102334500	7102362000	3.1076648
3102334500	7202137600	3.6243427
3102334500	7302128300	3.0108788
3102334500	7302377000	3.2174294
3102342800	3202304100	3.011828
3102342800	3302180500	3.2543755
3102342800	3302210500	3.3846922
3102342800	3302320600	3.2069058
3102342800	4102027800	3.3518815
3102342800	4102126300	3.4780688
3102342800	4102407100	3.2729254
3102342800	4202047700	3.4374335
3102342800	4202248700	3.7228415
3102342800	4202278000	3.3676255
3102342800	4302128400	3.0846868
3102342800	4302276400	3.3391147
3102342800	5102428800	3.1393821
3102342800	5302012200	3.1333954
3102342800	5302135900	3.3210366
3102342800	5302328100	3.182559
3102342800	6102266600	3.2880456
3102342800	6302256100	3.1433048
3102342800	7102047000	3.1963706
3102377500	4302363600	3.0382245
3102416100	4202180800	3.2310147
3102416100	5302160700	3.0600944
3102421900	3202162100	3.076764
3102421900	3202304100	3.1866853
3102421900	3202313700	3.3372724
3102421900	3302320600	3.0057907
3102421900	3302424900	3.1831594
3102421900	4102027800	3.4665596
3102421900	4102102100	3.393072
3102421900	4102126300	3.1459184
3102421900	4102202100	3.427434
3102421900	4102407100	3.0846868
3102421900	4202076400	3.0001752
3102421900	4202227200	3.2904766
3102421900	4202248700	3.2016149
3102421900	4202278000	3.6697476
3102421900	4202375000	3.4848568
3102421900	4302276400	3.4368048
3102421900	4302363600	4.2525387
3102421900	5102428800	3.0937247
3102421900	5202227200	3.4975605
3102421900	5202464300	3.8935633
3102421900	5302328100	3.2574737
3102421900	6102000300	3.2617693
3102421900	6102275200	3.0580888
3102421900	6302256100	3.0820239
3102421900	7102047000	3.4531662
3102421900	7102362000	3.0648422
3102421900	7202137600	3.0251234
3102421900	7302377000	3.340867
3202162100	3202313700	3.1942286
3202162100	4102092400	3.3193808
3202162100	4102102100	3.0730836
3202162100	4102214400	3.7286768
3202162100	4102358800	3.379898
3202162100	4202202300	3.0366282
3202162100	4302322000	3.1672704
3202162100	4302363600	3.3339343
3202162100	5102375000	3.190876
3202162100	5202464300	3.5401156
3202162100	5302242300	3.3423724
3202162100	5302246600	3.459531
3202162100	6102000300	3.3871
3202162100	6102149500	3.0061707
3202162100	6102168000	3.0922234
3202162100	6202223100	3.38498
3202162100	6202428600	3.3587482
3202162100	6302154100	3.2230494
3202162100	7102257600	3.2179642
3202162100	7202022800	3.345915
3202162100	7202130900	3.95674
3202162100	7202155800	3.4266782
3202162100	7302377000	3.163021
3202231400	3302201300	3.48028
3202231400	4102202100	3.613527
3202237000	3202304100	3.1201649
3202237000	3202313700	3.7380698
3202237000	3302210500	3.3241262
3202237000	3302320600	3.3907404
3202237000	3302348800	3.0028503
3202237000	4102027800	3.2407374
3202237000	4102102100	3.0646937
3202237000	4102407100	3.1727457
3202237000	4202047700	3.1809487
3202237000	4202068400	3.7753236
3202237000	4202278000	3.141535
3202237000	4302322000	3.4027736
3202237000	4302363600	3.1876924
3202237000	5102428800	3.0922878
3202237000	5202101300	3.058242
3202237000	5202227200	3.032712
3202237000	5202251900	3.0479448
3202237000	5202464300	3.9650106
3202237000	5302012200	3.0571158
3202237000	5302135900	3.1057475
3202237000	5302328100	3.1671717
3202237000	6102000300	3.358814
3202237000	6102266600	3.2793934
3202237000	6302256100	3.228394
3202237000	7102047000	3.0284014
3202237000	7102257600	3.137271
3202237000	7202137600	3.018328
3202237000	7302377000	3.104569
3202251500	5302122000	3.1720576
3202251500	7302024200	3.0892186
3202304100	3202313700	3.5112097
3202304100	3302320600	3.195159
3202304100	4102014000	3.0119631
3202304100	4102027800	4.4271
3202304100	4102102100	3.1946564
3202304100	4102202100	3.1680212
3202304100	4102407100	3.2287636
3202304100	4202047700	3.6514409
3202304100	4202068400	3.5519702
3202304100	4202076400	3.1658525
3202304100	4202202300	3.145627
3202304100	4202248700	3.1016097
3202304100	4202278000	3.5917096
3202304100	4302128400	3.0512385
3202304100	4302229200	3.1361108
3202304100	4302276400	3.8451343
3202304100	4302322000	3.4844265
3202304100	4302363600	3.9517868
3202304100	5102428800	3.7113502
3202304100	5202251900	3.3581398
3202304100	5202464300	3.6971006
3202304100	5302012200	3.1495483
3202304100	5302328100	3.6207244
3202304100	6102000300	3.8248978
3202304100	6102266600	3.166368
3202304100	6302154100	3.1614025
3202304100	6302256100	3.3417501
3202304100	6302348500	3.062676
3202304100	7102047000	3.9827864
3202304100	7102257600	3.2547255
3202304100	7202075600	3.0321314
3202304100	7202130900	3.1525388
3202304100	7202137600	3.0809314
3202304100	7302128300	3.1132674
3202304100	7302377000	3.0976582
3202313700	3202347500	3.0004318
3202313700	3302109500	3.2495656
3202313700	3302226500	3.764917
3202313700	3302320600	3.323597
3202313700	3302357400	3.2306883
3202313700	3302424900	3.60921
3202313700	4102027800	3.3132703
3202313700	4102092400	3.000825
3202313700	4102102100	4.059743
3202313700	4102106300	3.2066987
3202313700	4102126300	3.1821926
3202313700	4102147600	3.389519
3202313700	4102202100	3.704577
3202313700	4102214400	3.0449398
3202313700	4102283700	3.3255835
3202313700	4102358800	3.4820783
3202313700	4202047700	3.2672336
3202313700	4202068400	3.6147156
3202313700	4202076400	3.1143353
3202313700	4202102400	3.081569
3202313700	4202202300	4.1289167
3202313700	4202227200	3.0693536
3202313700	4202234100	3.0157044
3202313700	4202278000	3.1904225
3202313700	4202290200	3.2066374
3202313700	4302185100	3.0880163
3202313700	4302229200	3.2637303
3202313700	4302322000	3.5304482
3202313700	4302363600	4.628711
3202313700	5102166000	3.8368986
3202313700	5102375000	3.21019
3202313700	5102428800	3.3178966
3202313700	5202022300	4.0619073
3202313700	5202166900	3.010338
3202313700	5202227200	3.0241795
3202313700	5202251900	3.0842507
3202313700	5202413000	3.2929494
3202313700	5202464300	4.23339
3202313700	5302012200	3.0443277
3202313700	5302022200	3.0057883
3202313700	5302135900	3.3823254
3202313700	5302156300	3.6466882
3202313700	5302182100	3.6477885
3202313700	5302242300	4.0128846
3202313700	5302293700	3.534324
3202313700	5302328100	3.2383432
3202313700	6102000300	3.7160668
3202313700	6102149500	3.2517786
3202313700	6102187100	3.785138
3202313700	6102266600	3.5392902
3202313700	6102275200	3.9329689
3202313700	6202069800	3.1577187
3202313700	6202223100	3.6462822
3202313700	6202261900	3.0872114
3202313700	6202302700	3.0253298
3202313700	6202428600	3.2162688
3202313700	6202456500	3.6920671
3202313700	6302154100	3.5142841
3202313700	6302244300	3.7746024
3202313700	6302256100	3.8395135
3202313700	7102047000	3.520517
3202313700	7102257600	3.411961
3202313700	7102311100	3.5767062
3202313700	7102362000	3.81426
3202313700	7202022800	3.1504726
3202313700	7202137600	3.2500522
3202313700	7202155800	3.4655597
3202313700	7302324400	3.992283
3202313700	7302352900	3.104682
3202313700	7302377000	3.2617397
3202347500	3302210500	3.0754724
3202347500	3302312800	3.3487608
3202347500	4102027800	3.1434267
3202347500	4102044600	3.1747742
3202347500	4102126300	3.1267912
3202347500	4202047700	3.2200582
3202347500	4202076400	3.0013785
3202347500	4202375000	3.2319267
3202347500	4302229200	3.3989837
3202347500	4302276400	3.0748527
3202347500	4302363600	3.6880436
3202347500	5102375000	3.1469686
3202347500	5102428800	3.3220387
3202347500	5202464300	3.1805477
3202347500	5302135900	3.0799003
3202347500	5302246600	3.065709
3202347500	5302328100	3.1897852
3202347500	6102266600	3.2029462
3202347500	6302186900	3.2863126
3202347500	6302256100	3.378996
3202347500	7102358900	3.1719437
3202347500	7302041700	3.0382917
3202347500	7302128300	3.0668533
3202393200	3302193800	3.130854
3202393200	4202233700	3.141367
3202393200	4202248700	3.0038118
3202399300	4302050100	3.214938
3202399300	6202124800	3.1904278
3202399300	6202261900	3.751322
3302044700	4102202100	3.912616
3302044700	5302242300	3.4093301
3302109500	3302226500	3.0820923
3302109500	5202022300	3.3597724
3302109500	6102092300	3.0577114
3302109500	6102275200	3.911869
3302109500	6202302700	3.53489
3302109500	6302244300	3.2636988
3302109500	7102362000	3.3796866
3302109500	7302324400	3.3175972
3302180500	3302320600	3.478269
3302180500	4102027800	3.3204226
3302180500	4102044600	3.158227
3302180500	4102056200	3.0077813
3302180500	4102407100	3.356689
3302180500	4202278000	3.1404147
3302180500	4302128400	3.28011
3302180500	4302276400	3.188256
3302180500	5102275800	3.12846
3302180500	5302328100	3.078069
3302193800	4202233700	3.1267014
3302193800	4302363600	3.5413287
3302193800	5202464300	3.048233
3302193800	5302074100	3.106846
3302201300	4102202100	3.1801715
3302210500	4102027800	3.2643747
3302210500	4102044600	3.0090854
3302210500	4102056200	3.3163722
3302210500	4102126300	3.2246723
3302210500	4102407100	3.361453
3302210500	4202047700	3.4913387
3302210500	4202248700	3.442477
3302210500	4202278000	3.1050053
3302210500	4302276400	3.140209
3302210500	5102166000	3.0859764
3302210500	5102428800	3.380039
3302210500	5302135900	3.3771079
3302210500	5302182100	3.0773718
3302210500	5302328100	3.3864527
3302210500	6102266600	3.2639208
3302210500	6302256100	3.016887
3302210500	7102047000	3.1478856
3302210500	7102362000	3.1623292
3302226500	3302320600	3.4055068
3302226500	4102014000	3.0613246
3302226500	4202076400	3.0361803
3302226500	4302363600	3.6727858
3302226500	5302135900	3.1771977
3302226500	7102362000	3.098718
3302226500	7202137600	3.0877264
3302226500	7302324400	3.3095284
3302231400	4302136900	3.018707
3302231400	4302363600	3.1104107
3302231400	5302012200	3.4447577
3302231400	7202144600	3.0231388
3302306900	3302424900	3.4892259
3302306900	4102202100	3.0755112
3302306900	4202042400	3.0042605
3302306900	4202076400	3.8709095
3302306900	4202227200	3.0304568
3302306900	7302377000	3.069329
3302312800	4102027800	3.152329
3302312800	4102044600	3.212421
3302312800	4102101800	3.1162012
3302312800	4202375000	3.0672605
3302312800	4302128400	3.1466274
3302312800	4302276400	3.1256528
3302312800	5102428800	3.0575223
3302312800	5302246600	3.3366349
3302312800	6102177600	3.1921093
3302312800	7302128300	3.681445
3302320600	4102014000	3.4843729
3302320600	4102027800	3.5913377
3302320600	4102102100	3.2332613
3302320600	4102126300	3.4137247
3302320600	4202068400	3.565792
3302320600	4202076400	3.3123362
3302320600	4202227200	3.268879
3302320600	4202278000	3.7718682
3302320600	4302322000	3.6118941
3302320600	4302363600	3.246175
3302320600	5102275800	3.1040177
3302320600	5102375000	3.1603367
3302320600	5202227200	3.277976
3302320600	5302328100	3.1909435
3302320600	6102000300	3.178685
3302320600	6102092300	3.0097446
3302320600	6102275200	3.031194
3302320600	6302182700	3.160987
3302320600	6302256100	3.2980354
3302320600	7102047000	3.089891
3302320600	7102362000	3.1669993
3302320600	7202075600	3.0022929
3302320600	7202137600	4.097323
3302320600	7302324400	3.4703689
3302320600	7302377000	3.8448696
3302348800	4102027800	3.0010576
3302348800	4102407100	3.014438
3302348800	4202068400	3.0483332
3302348800	4302363600	3.374303
3302348800	5102428800	3.1866066
3302348800	5302012200	3.61365
3302348800	5302182100	3.0772426
3302348800	6102266600	3.1888871
3302348800	7102254400	3.0903108
3302357400	4102202100	3.0143335
3302357400	4202076400	3.2103207
3302357400	5202464300	3.4756851
3302357400	7102257600	3.0800369
3302424900	4102071300	3.8212798
3302424900	4102102100	3.2969165
3302424900	4102147600	3.4235613
3302424900	4102202100	3.8587801
3302424900	4202076400	3.161042
3302424900	4202227200	3.483693
3302424900	4202290200	3.0092645
3302424900	5202022300	3.226947
3302424900	5202227200	3.0856686
3302424900	6102000300	3.018853
3302424900	6102092300	3.1145046
3302424900	6102149500	3.2450402
3302424900	6102275200	3.4449902
3302424900	6202302700	3.2222662
3302424900	6302244300	3.2079287
3302424900	6302277300	3.0226665
3302424900	7102065500	3.0210154
3302424900	7202155800	3.2903366
3302424900	7302377000	3.1755052
3302457600	4102202100	3.0645673
3302457600	7102446700	3.3819165
3302525300	4202076400	3.094484
3302525300	6202124800	3.1866376
4102014000	4102027800	3.4465358
4102014000	4102126300	3.1081932
4102014000	4202068400	3.0090456
4102014000	4202076400	3.5034118
4102014000	4202278000	3.3508868
4102014000	4302128400	3.0019932
4102014000	4302322000	3.0999758
4102014000	4302363600	3.246851
4102014000	5102375000	3.0682511
4102014000	5302135900	3.2010489
4102014000	6302256100	3.0724363
4102014000	7202137600	3.2509813
4102017200	4102202100	3.324016
4102017200	4302185100	3.1564713
4102017200	5302554100	3.0107667
4102017200	7202075600	3.0630088
4102027800	4102044600	3.1019497
4102027800	4102056200	3.1502564
4102027800	4102102100	3.2532897
4102027800	4102126300	3.311236
4102027800	4102407100	3.570229
4102027800	4202047700	3.6339457
4102027800	4202068400	3.4134288
4102027800	4202076400	3.2901874
4102027800	4202216800	3.019029
4102027800	4202248700	3.2880983
4102027800	4202278000	4.437404
4102027800	4202375000	3.1069822
4102027800	4302128400	3.4218612
4102027800	4302229200	3.2463746
4102027800	4302276400	4.473506
4102027800	4302322000	3.7292655
4102027800	4302363600	3.7515657
4102027800	5102375000	3.00121
4102027800	5102428800	3.8566685
4102027800	5202227200	3.455975
4102027800	5202251900	3.0062594
4102027800	5202464300	3.5854626
4102027800	5302012200	3.0334265
4102027800	5302135900	3.2888865
4102027800	5302328100	3.545669
4102027800	6102000300	3.5890176
4102027800	6102266600	3.0754645
4102027800	6302256100	3.286924
4102027800	6302348500	3.031926
4102027800	7102047000	3.7780688
4102027800	7102362000	3.0788994
4102027800	7202137600	3.6487288
4102027800	7302128300	3.2398057
4102027800	7302377000	3.3471344
4102044600	4102056200	3.1752477
4102044600	4102126300	3.2974281
4102044600	4102407100	3.0212505
4102044600	4202076400	3.058867
4102044600	4202375000	3.1927083
4102044600	4302128400	3.2449915
4102044600	4302229200	3.188544
4102044600	4302276400	3.0408857
4102044600	4302363600	3.4203067
4102044600	5102428800	3.3409452
4102044600	5202464300	3.4168491
4102044600	5302328100	3.3505363
4102044600	6102177600	3.5559714
4102044600	7102047000	3.0328996
4102044600	7202075600	3.0076516
4102044600	7202127200	3.008338
4102052500	5202464300	3.0645297
4102052500	5302022200	3.0138779
4102056200	4102126300	3.3441346
4102056200	4102407100	3.0319924
4102056200	4202248700	3.0800648
4102071300	4102202100	3.9258702
4102071300	4202227200	3.4525726
4102092400	4102202100	3.1832588
4102092400	5202464300	3.4359043
4102092400	5302246600	3.2907805
4102092400	7202130900	3.735896
4102102100	4102202100	3.3549025
4102102100	4202102400	3.0978885
4102102100	4202227200	3.4531996
4102102100	4202278000	3.3609247
4102102100	4302322000	3.1893277
4102102100	4302363600	3.353752
4102102100	5102375000	3.0560048
4102102100	5202022300	3.312163
4102102100	5202227200	3.150317
4102102100	5202251900	3.146122
4102102100	5202413000	3.5659194
4102102100	5202464300	3.8660724
4102102100	5302328100	3.0314639
4102102100	6102000300	3.5559292
4102102100	6102187100	3.0204825
4102102100	6102275200	3.1963253
4102102100	6202223100	3.588578
4102102100	6302182700	3.0293648
4102102100	6302256100	3.1574295
4102102100	7102047000	3.184848
4102102100	7102257600	3.0841396
4102102100	7202137600	3.4192743
4102102100	7302377000	3.2355
4102106300	4302363600	3.2016978
4102106300	5202251900	3.1846006
4102106300	5302012200	3.2116058
4102106300	5302135900	3.0969546
4102106300	5302328100	3.0622172
4102122900	4202076400	3.3925872
4102122900	4202202300	3.0849078
4102122900	5302135900	3.127101
4102126300	4102407100	3.0626173
4102126300	4202076400	3.2490344
4102126300	4202227200	3.1000893
4102126300	4202248700	3.489462
4102126300	4202278000	3.189211
4102126300	4202375000	3.1051
4102126300	4302229200	3.2483976
4102126300	4302276400	3.0715144
4102126300	4302322000	3.0885284
4102126300	4302363600	3.628373
4102126300	5102375000	3.4760754
4102126300	5102428800	3.1474702
4102126300	5202227200	3.0843816
4102126300	5302012200	3.1472945
4102126300	5302328100	3.660182
4102126300	6102266600	3.0000856
4102126300	6302256100	3.715277
4102126300	7102047000	3.3879716
4102126300	7102362000	3.1259937
4102126300	7202075600	3.0280092
4102126300	7202137600	3.2191715
4102126300	7302324400	3.033621
4102126300	7302377000	3.1726458
4102147600	4102202100	3.3769705
4102147600	5202022300	3.0901172
4102202100	4102255000	3.5698519
4102202100	4102358800	3.3988326
4102202100	4202047700	3.364116
4102202100	4202202300	3.6166847
4102202100	4202227200	3.1615126
4102202100	4202278000	3.1514704
4102202100	4202290200	4.107608
4102202100	4202328400	3.126423
4102202100	4202337000	3.39696
4102202100	4302107200	3.086432
4102202100	4302136900	3.304964
4102202100	4302185100	3.5058491
4102202100	4302276400	3.1078894
4102202100	5102088200	3.290546
4102202100	5202022300	3.027462
4102202100	5202101300	3.1334567
4102202100	5202103900	3.0511537
4102202100	5202166900	3.347795
4102202100	5202251900	3.119384
4102202100	5302022200	3.2338684
4102202100	5302156300	3.4989464
4102202100	5302182100	3.1171892
4102202100	5302242300	3.7472916
4102202100	5302328100	3.1722097
4102202100	5302417100	3.2342796
4102202100	6102000300	3.71028
4102202100	6102149500	3.069436
4102202100	6102216900	3.1463654
4102202100	6102275200	3.050449
4102202100	6202069800	3.6854837
4102202100	6202223100	3.653736
4102202100	6202300200	3.6341565
4102202100	6202302700	3.0068488
4102202100	6202361000	3.4590375
4102202100	6202383300	3.2302933
4102202100	6302143400	3.329222
4102202100	6302154100	3.8109162
4102202100	6302244300	3.2815301
4102202100	6302256100	3.0009036
4102202100	7102047000	3.1794012
4102202100	7102065500	3.1414015
4102202100	7102446700	3.2404296
4102202100	7202155800	3.5305688
4102202100	7302128300	3.0786824
4102214400	4202076400	3.393268
4102214400	6102275200	3.0162094
4102214400	7102257600	3.1531055
4102214400	7202022800	3.362707
4102214400	7202130900	3.1903198
4102214400	7202155800	3.289108
4102255000	6202383300	3.073713
4102283700	4302363600	3.674611
4102283700	5302074100	3.029991
4102283700	7102362000	3.003127
4102283700	7302324400	3.0819378
4102317800	5302568300	3.0782254
4102358800	4302363600	3.2472496
4102358800	5202022300	3.1868768
4102358800	5202464300	3.2088895
4102358800	6102275200	3.1030254
4102358800	7102311100	3.2964945
4102358800	7202155800	3.169903
4102407100	4202047700	3.30612
4102407100	4202248700	3.4747596
4102407100	4202278000	3.1248395
4102407100	4302276400	3.456827
4102407100	5102428800	3.4726439
4102407100	5202227200	3.0680523
4102407100	5302012200	3.1796982
4102407100	5302328100	3.4544103
4102407100	6102177600	3.1651456
4102407100	6102266600	3.1750035
4102407100	7102047000	3.3094428
4102407100	7202075600	3.1694672
4102407100	7302128300	3.0665693
4202042400	4202076400	3.7699904
4202042400	4202290200	3.0118086
4202042400	7102065500	3.2236478
4202042400	7102257600	3.3150492
4202042400	7202155800	3.1255472
4202042400	7302316100	3.2197983
4202047700	4202068400	3.2406871
4202047700	4202202300	3.095677
4202047700	4202248700	3.4945514
4202047700	4202278000	3.4145637
4202047700	4302128400	3.3884792
4202047700	4302276400	3.659936
4202047700	4302363600	3.3400834
4202047700	5102166000	3.0495472
4202047700	5102428800	3.6683273
4202047700	5202101300	3.2022147
4202047700	5202251900	3.3257778
4202047700	5202464300	3.3491585
4202047700	5302122000	3.3382425
4202047700	5302135900	3.6533048
4202047700	5302182100	3.2046914
4202047700	5302328100	3.6771228
4202047700	6102000300	3.2189093
4202047700	6102266600	3.6231236
4202047700	6302256100	3.2694893
4202047700	7102047000	3.3509347
4202047700	7102358900	3.5926883
4202047700	7302128300	3.366748
4202068400	4202278000	3.300374
4202068400	4302322000	3.3443818
4202068400	4302363600	3.3935483
4202068400	5102428800	3.0633864
4202068400	5202464300	3.5245318
4202068400	5302012200	3.0778074
4202068400	5302135900	3.3187022
4202068400	5302328100	3.0053253
4202068400	6102000300	3.4124067
4202068400	6102266600	3.31548
4202068400	6302256100	3.1858835
4202068400	7102047000	3.061675
4202068400	7202137600	3.226268
4202076400	4202202300	3.4383104
4202076400	4202227200	3.5308158
4202076400	4202278000	3.3689408
4202076400	4202328400	3.4108644
4202076400	4202375000	3.197245
4202076400	4302082300	4.0330033
4202076400	4302276400	3.2355316
4202076400	4302322000	3.2978966
4202076400	4302363600	3.0575995
4202076400	5102166000	3.08672
4202076400	5102428800	3.0084624
4202076400	5202227200	3.0308309
4202076400	5202363900	3.0790224
4202076400	5202464300	3.0439708
4202076400	5302135900	3.285802
4202076400	5302328100	3.2886379
4202076400	6102000300	3.2130156
4202076400	6102187100	3.2968762
4202076400	6102275200	3.0873845
4202076400	6202069800	3.515854
4202076400	6202223100	3.0514998
4202076400	6202428600	3.0127738
4202076400	6302154100	3.1995156
4202076400	6302256100	3.7696886
4202076400	6302277300	3.5188432
4202076400	7102047000	3.3403873
4202076400	7102065500	3.4964323
4202076400	7102257600	3.3865354
4202076400	7102311100	3.3332915
4202076400	7202022800	3.5817723
4202076400	7202155800	3.2751217
4202076400	7302316100	3.2222197
4202076400	7302324400	3.1628919
4202076400	7302352900	3.0183597
4202076400	7302377000	3.7158334
4202102400	4302363600	3.4306688
4202102400	5202464300	3.7838147
4202102400	5302242300	3.17368
4202202300	4302363600	3.191072
4202202300	5102166000	3.1398168
4202202300	5302135900	3.037463
4202202300	5302156300	3.087338
4202202300	5302242300	3.0371222
4202202300	6102000300	3.0359168
4202202300	6202223100	3.2373283
4202202300	7302128300	3.0420477
4202216800	4302363600	3.0265744
4202216800	5202464300	3.0394104
4202227200	4202278000	3.2846496
4202227200	5202022300	3.344318
4202227200	5202227200	3.1893904
4202227200	5202413000	3.010511
4202227200	6102000300	3.01539
4202227200	6102092300	3.0474658
4202227200	6102275200	3.1263795
4202227200	6202302700	3.129201
4202227200	6202324400	3.2213974
4202227200	6302182700	3.0562766
4202227200	6302244300	3.0261805
4202227200	6302256100	3.0618742
4202227200	7102362000	3.1907833
4202227200	7202137600	3.0284436
4202227200	7302377000	3.945027
4202234100	4202328400	3.029741
4202234100	4302363600	3.0300417
4202248700	4202278000	3.3746483
4202248700	4302276400	3.3427954
4202248700	4302363600	3.0380955
4202248700	5102166000	3.03268
4202248700	5102428800	3.4540617
4202248700	5302328100	3.5271776
4202248700	6102177600	3.0028312
4202248700	6102266600	3.0972908
4202248700	6302256100	3.2191687
4202248700	7102047000	3.6209364
4202248700	7102362000	3.1092224
4202278000	4302128400	3.186126
4202278000	4302276400	4.0639906
4202278000	4302322000	3.32411
4202278000	4302363600	3.3155801
4202278000	5102166000	3.3280952
4202278000	5102428800	3.2269168
4202278000	5202227200	3.406922
4202278000	5202464300	3.5058324
4202278000	5302135900	3.336163
4202278000	5302328100	3.331082
4202278000	6102000300	3.5907452
4202278000	6102092300	3.0125606
4202278000	6302256100	3.3054073
4202278000	7102047000	3.6408741
4202278000	7102362000	3.646059
4202278000	7202137600	3.8034427
4202278000	7302377000	3.7002256
4202290200	4302107200	3.020133
4202290200	4302363600	3.0110855
4202290200	5202166900	3.1216638
4202290200	6102149500	3.1371682
4202290200	7302316100	3.023684
4202328400	5102088200	3.5791514
4202328400	7102257600	3.0155609
4202375000	4302229200	3.131758
4202375000	4302276400	3.203684
4202375000	4302363600	4.4476643
4202375000	5202227200	3.079449
4202375000	5202464300	4.1323624
4202375000	5302328100	3.019854
4202375000	6102168000	3.0889506
4202375000	6102177600	3.2962017
4202375000	6302256100	3.0205576
4202375000	7102047000	3.0316648
4302050100	4302363600	3.2390742
4302050100	6202261900	3.2159245
4302082300	5302156300	3.0464683
4302128400	4302276400	3.7562122
4302128400	5102428800	3.2851822
4302128400	5202464300	3.0020769
4302128400	5302328100	3.3535678
4302128400	6102177600	3.350145
4302128400	6102266600	3.0025318
4302128400	7102047000	3.0636032
4302128400	7102358900	3.1003892
4302128400	7302128300	3.1063092
4302136900	7202144600	3.0091748
4302185100	5202464300	3.000504
4302229200	4302322000	3.2098017
4302229200	4302363600	4.2192597
4302229200	5102428800	3.4554784
4302229200	5202464300	3.2582073
4302229200	5302328100	3.1258292
4302229200	6302256100	3.2279546
4302229200	7102358900	3.1442347
4302229200	7202075600	3.5757155
4302276400	4302322000	3.1399713
4302276400	4302363600	3.3833313
4302276400	5102428800	3.802673
4302276400	5202103900	3.036511
4302276400	5202227200	3.086948
4302276400	5202464300	3.4887996
4302276400	5302012200	3.0172093
4302276400	5302135900	3.09819
4302276400	5302328100	3.5743916
4302276400	6102000300	3.3257778
4302276400	6102177600	3.3260813
4302276400	6102266600	3.2732086
4302276400	6302256100	3.2127647
4302276400	6302348500	3.0665605
4302276400	7102047000	4.142926
4302276400	7302128300	3.4624112
4302276400	7302377000	3.0659792
4302309900	5102338600	3.9887617
4302322000	4302363600	3.396264
4302322000	5102375000	3.3611865
4302322000	5102428800	3.0273874
4302322000	5202227200	3.1520987
4302322000	5202251900	3.1475918
4302322000	5202464300	3.2083387
4302322000	5302328100	3.281287
4302322000	6102000300	3.5267842
4302322000	6302256100	3.3171415
4302322000	7102047000	3.1471002
4302322000	7102257600	3.473673
4302322000	7202075600	3.0181496
4302322000	7202137600	3.3087091
4302322000	7302377000	3.845095
4302338900	5302242300	3.0385175
4302338900	5302246600	3.0617368
4302338900	7102257600	3.1676757
4302338900	7202130900	3.3458946
4302363600	5102375000	3.1985328
4302363600	5102428800	4.358065
4302363600	5202022300	3.3082106
4302363600	5202103900	3.0553727
4302363600	5202227200	3.5117846
4302363600	5202251900	3.0972626
4302363600	5202413000	3.1099997
4302363600	5202464300	3.99335
4302363600	5302074100	3.502396
4302363600	5302156300	3.2585814
4302363600	5302160700	3.2077873
4302363600	5302182100	3.6975043
4302363600	5302242300	3.6151464
4302363600	5302293700	3.3129654
4302363600	5302328100	3.3897812
4302363600	6102000300	3.3299901
4302363600	6102168000	3.0405657
4302363600	6102177600	3.2283232
4302363600	6102187100	3.6012115
4302363600	6102266600	3.566237
4302363600	6102275200	3.4822106
4302363600	6202069800	3.0334296
4302363600	6202223100	3.3806438
4302363600	6202300200	3.0725539
4302363600	6202456500	3.1227033
4302363600	6302154100	3.177891
4302363600	6302182700	3.1149735
4302363600	6302186900	3.2353501
4302363600	6302256100	3.703932
4302363600	6302348500	3.510309
4302363600	7102047000	3.6710165
4302363600	7102358900	3.26413
4302363600	7102362000	3.165347
4302363600	7202075600	3.2455113
4302363600	7202137600	3.4869606
4302363600	7302128300	3.0770998
4302363600	7302211000	3.185552
4302363600	7302324400	3.025051
4302363600	7302352900	3.6214912
4302363600	7302377000	3.001985
5102088200	5302484400	3.227847
5102098700	5202330600	3.2702632
5102098700	6202207100	3.2965448
5102166000	5302135900	3.1630151
5102166000	5302328100	3.018781
5102166000	6302256100	3.0110226
5102166000	7102047000	3.2591176
5102166000	7102362000	4.186259
5102166000	7202144600	3.122399
5102166000	7302324400	3.014864
5102375000	5302242300	3.0452542
5102375000	5302328100	3.721721
5102375000	6102000300	3.102542
5102375000	6302256100	3.550976
5102375000	7202137600	3.0872576
5102375000	7302377000	3.3683157
5102428800	5202464300	3.6847088
5102428800	5302012200	3.0147407
5102428800	5302182100	3.296765
5102428800	5302328100	3.6954224
5102428800	6102000300	3.1229372
5102428800	6102177600	3.1664414
5102428800	6102266600	3.4435678
5102428800	6302256100	3.1721184
5102428800	6302348500	3.2639484
5102428800	7102047000	3.7095914
5102428800	7102358900	3.3242779
5102428800	7202075600	3.0315695
5102428800	7202137600	3.1236484
5102428800	7302128300	3.4247253
5102485700	7302324400	3.0802772
5202022300	5202413000	3.4410367
5202022300	6102000300	3.0619726
5202022300	6102092300	3.1915143
5202022300	6102187100	3.420457
5202022300	6102275200	3.5349934
5202022300	6202302700	3.204088
5202022300	6302244300	3.2418885
5202022300	6302256100	3.0657794
5202022300	7102311100	3.1967065
5202022300	7102362000	3.6158714
5202022300	7202155800	3.1167269
5202022300	7302324400	3.2213693
5202022300	7302377000	3.0283847
5202101300	5202464300	3.3666732
5202101300	6202223100	3.0127313
5202145700	6102149500	3.1396005
5202166900	6302277300	3.1189933
5202227200	5202464300	3.2077487
5202227200	5302012200	3.1196375
5202227200	6302182700	3.4891758
5202227200	7202137600	3.3096657
5202227200	7302377000	3.3666594
5202251900	5202464300	3.8582525
5202251900	5302242300	3.3518038
5202251900	5302328100	3.2654443
5202251900	6102000300	3.220007
5202251900	6202223100	3.252189
5202251900	6302154100	3.1579406
5202251900	7102047000	3.0700774
5202251900	7102257600	3.3136013
5202251900	7202075600	3.4074173
5202251900	7202130900	3.1686687
5202251900	7302128300	3.0847585
5202330600	6202207100	3.575082
5202330600	6302166700	3.463394
5202413000	7102362000	3.2546747
5202413000	7202137600	3.1458483
5202464300	5302156300	3.1134505
5202464300	5302182100	3.5085757
5202464300	5302242300	4.3278832
5202464300	5302328100	3.2842667
5202464300	6102000300	4.254705
5202464300	6102168000	3.464546
5202464300	6102177600	3.0820055
5202464300	6102266600	4.1445436
5202464300	6102275200	3.2037513
5202464300	6202223100	4.274661
5202464300	6202456500	3.3091102
5202464300	6302154100	3.8678706
5202464300	6302256100	3.5388606
5202464300	7102047000	3.550909
5202464300	7202130900	3.615943
5202464300	7302377000	3.0096748
5302012200	5302182100	3.1477716
5302012200	5302328100	3.2421157
5302012200	6102266600	3.399831
5302012200	6302252900	3.1218286
5302012200	7102047000	3.2977777
5302012200	7102254400	3.0134838
5302012200	7202144600	3.1618586
5302122000	5302135900	3.1491868
5302122000	7102358900	3.3059103
5302135900	5302328100	3.0059755
5302135900	6302256100	3.09546
5302135900	7102362000	3.0660388
5302156300	5302242300	3.2851171
5302156300	6202456500	3.6167862
5302156300	6302154100	3.2243874
5302182100	5302242300	3.2969596
5302182100	5302328100	3.2297122
5302182100	6102266600	3.7632012
5302182100	7102047000	3.0939858
5302182100	7102358900	3.0071354
5302182100	7302128300	3.0340443
5302242300	5302328100	3.155296
5302242300	6102000300	3.3170874
5302242300	6202223100	3.0468438
5302242300	6202361000	3.1779191
5302242300	6202456500	3.1680307
5302242300	6302154100	3.855792
5302242300	7102257600	3.1077268
5302242300	7202130900	3.188477
5302242300	7202155800	3.0689201
5302242300	7302128300	3.2016354
5302246600	6202428600	3.0486186
5302246600	7102257600	3.2448766
5302328100	6102000300	3.5799809
5302328100	6102177600	3.2532623
5302328100	6102266600	3.6052716
5302328100	6302154100	3.1339953
5302328100	6302256100	3.8982735
5302328100	7102047000	4.0715656
5302328100	7102362000	3.0072212
5302328100	7202075600	3.3590086
5302328100	7202137600	3.00943
5302328100	7302128300	3.137877
5302328100	7302377000	3.3663516
5302554100	7302211000	3.5300908
6102000300	6102266600	3.041393
6102000300	6102275200	3.0199125
6102000300	6202223100	3.278432
6102000300	6202456500	3.1654334
6102000300	6302154100	3.6589367
6102000300	6302256100	3.359516
6102000300	7102047000	3.51383
6102000300	7102257600	3.4363256
6102000300	7102362000	3.106294
6102000300	7202130900	3.502798
6102000300	7202137600	3.1104574
6102000300	7302377000	3.5921335
6102092300	6102275200	3.0041182
6102092300	6202302700	3.475684
6102092300	7102362000	3.215525
6102092300	7302324400	3.0593984
6102149500	6102275200	3.2326899
6102149500	7302316100	3.028018
6102168000	7202130900	3.4972532
6102168000	7302377000	3.0295994
6102177600	6102266600	3.0644836
6102177600	7102047000	3.0099564
6102177600	7302128300	3.1688843
6102187100	6102275200	3.3382638
6102187100	6202302700	3.1748908
6102187100	7102311100	3.2145913
6102187100	7102362000	3.1128306
6102187100	7302377000	3.0336523
6102266600	6302252900	3.0951629
6102266600	6302256100	3.5598443
6102266600	7102047000	3.3230443
6102266600	7202075600	3.0519137
6102266600	7302211000	3.2119315
6102275200	6202302700	3.8112903
6102275200	6302244300	3.26239
6102275200	7102257600	3.1757712
6102275200	7102311100	3.1108193
6102275200	7102362000	3.2564666
6102275200	7202155800	3.2754295
6102275200	7302324400	3.1026158
6102275200	7302377000	3.354537
6102348200	6202383300	3.0423305
6202069800	7102257600	3.0942945
6202124800	6202261900	3.0237443
6202207100	6302166700	3.0342262
6202207100	7302041700	3.2731185
6202223100	7202130900	3.0573888
6202302700	6302244300	3.3065817
6202302700	7102362000	3.1367624
6202456500	6302154100	3.3198085
6202456500	6302256100	3.1283233
6302154100	7102047000	3.0207129
6302154100	7102257600	3.6514018
6302154100	7202130900	3.3412135
6302256100	7102047000	3.4939063
6302256100	7102257600	3.3396616
6302256100	7202075600	3.037534
6302256100	7302377000	3.32036
6302277300	7102257600	3.06471
7102047000	7102362000	3.185122
7102047000	7202075600	3.1809108
7102047000	7202137600	3.0015657
7102047000	7302128300	3.0463066
7102047000	7302377000	3.274025
7102065500	7202155800	3.254588
7102065500	7302316100	3.3521225
7102118800	7102254400	3.4461944
7102118800	7302252900	3.3908064
7102254400	7202150600	3.741235
7102254400	7302252900	4.324176
7102257600	7202130900	3.8896108
7102257600	7202155800	3.1847062
7102257600	7302352900	3.2632868
7102257600	7302377000	3.2897594
7102311100	7102362000	3.3463075
7102311100	7302324400	3.0181797
7102358900	7302128300	3.0929792
7102362000	7202137600	3.1847556
7102362000	7302324400	3.4156485
7102362000	7302377000	3.3709102
7202022800	7202155800	3.0901573
7202075600	7202271100	3.2760587
7202130900	7202155800	3.1079235
7202130900	7302377000	3.1992464
7202137600	7302324400	3.2693229
7202137600	7302377000	3.280522
7202150600	7302252900	4.0790634
7202155800	7302377000	3.0516584
7302041700	7302128300	3.170263
