geneid	2dpi_mock	4dpi_mock	6dpi_mock	2dpi_inoc	4dpi_inoc	6dpi_inoc
TRAESCS1A01G020500	29.5314	35.7664	43.3815	30.9529	63.1459	84.0005
TRAESCS1A01G171100	4.0726	4.6336	5.2683	3.2441	4.8614	5.5298
TRAESCS1A01G199200	0.4402	0.5622	0.1436	0.5103	1.0844	2.5173
TRAESCS1A01G261000	19.8271	18.6901	16.2182	14.764	28.03	38.7656
TRAESCS1B01G126500	20.044	23.0937	23.2969	19.5132	27.7665	34.0328
TRAESCS1B01G169900	2.5419	2.539	3.778	2.1856	4.3716	5.7131
TRAESCS1B01G399000	7.0152	9.0302	10.9536	5.9882	14.2157	17.495
TRAESCS1D01G139500	1.4367	1.2809	2.1994	1.2702	3.312	4.9533
TRAESCS2A01G166000	0.0513	0.2305	0.3009	0.2722	1.9171	2.0834
TRAESCS2A01G170600	1.4518	1.7624	1.27	1.3531	2.6666	3.7773
TRAESCS2A01G231900	2.9769	2.794	2.5168	2.4545	5.7245	7.6378
TRAESCS2A01G456100	17.5547	19.6558	13.5727	14.4719	26.5913	34.8374
TRAESCS2D01G068300	7.6792	7.5952	11.6148	7.6105	11.8416	13.6751
TRAESCS2D01G209000	3.0775	3.0878	3.5046	2.9035	4.7591	5.374
TRAESCS2D01G211600	4.8648	5.9677	7.6395	4.3339	8.2068	10.8026
TRAESCS2D01G219700	7.5517	7.5565	7.1503	6.6388	10.0487	11.1609
TRAESCS2D01G307500	9.8968	9.0234	10.1022	8.7253	14.7859	23.7027
TRAESCS2D01G504700	0.7942	1.7009	0.2448	1.1586	5.5825	14.5039
TRAESCS3A01G200100	8.706	8.3598	13.9239	7.531	16.7308	20.8897
TRAESCS3A01G342200	1.2792	1.1135	0.8124	1.247	1.8802	1.996
TRAESCS3A01G484600	0.0171	0.154	0.4251	0.2509	1.6162	2.8504
TRAESCS3B01G019900	6.4018	8.9454	7.5404	5.3809	12.8868	15.8885
TRAESCS3B01G236700	3.4504	3.9619	4.2779	2.967	5.1475	6.5035
TRAESCS3B01G247200	1.1505	1.5154	0.5977	1.1447	7.6877	7.4333
TRAESCS3B01G318000	4.4969	4.315	4.8838	3.9649	6.7069	7.858
TRAESCS3B01G390700	0.0134	0.113	0.0586	0.1126	1.6543	2.6238
TRAESCS3B01G577200	8.9576	7.9688	11.9103	7.4139	12.1041	16.3733
TRAESCS3D01G179200	3.8668	6.6624	5.1315	3.0889	7.0032	8.2965
TRAESCS4A01G295700	0.5596	0.827	0.6679	0.5335	1.7077	2.1371
TRAESCS4B01G042900	11.3843	13.6425	11.5836	9.1408	16.4752	17.513
TRAESCS4B01G046300	3.5477	3.0938	3.4452	3.1172	5.8924	7.5152
TRAESCS4B01G306300	9.1783	9.8383	11.3285	7.4969	14.6725	17.4055
TRAESCS4B01G355700	3.5064	2.794	4.5636	2.2016	5.9032	8.1934
TRAESCS4B01G380300	0.9066	0.7445	0.6433	0.8066	1.4037	1.9689
TRAESCS4D01G314400	0.1304	0.0762	0	0.0647	0.7636	1.0934
TRAESCS4D01G317600	9.5119	11.0781	11.1065	8.6514	14.9654	16.6815
TRAESCS5A01G002600	2.0227	2.9414	3.3362	1.4966	4.1382	5.4996
TRAESCS5A01G194900	9.5582	11.9545	12.7424	7.6858	18.848	27.1551
TRAESCS5A01G434400	5.1002	4.9983	4.6586	4.6723	7.2496	7.6783
TRAESCS5A01G489800	15.7326	17.5794	11.4228	14.9435	31.747	46.3253
TRAESCS5B01G224400	5.9871	7.6926	6.1189	5.4529	10.046	13.5056
TRAESCS5B01G533000	4.5747	4.3488	5.3084	3.8308	6.8476	8.5213
TRAESCS5D01G106600	4.9168	5.1989	5.5319	4.7693	7.4547	10.3695
TRAESCS5D01G150700	4.8247	4.8654	6.9826	4.3512	9.0299	11.5172
TRAESCS5D01G179100	3.577	4.1838	7.7751	3.1989	7.6941	9.892
TRAESCS5D01G188100	4.2825	4.4668	7.4258	3.9573	7.81	10.4699
TRAESCS5D01G198100	7.1602	10.6131	12.9488	4.945	19.038	25.4124
TRAESCS5D01G261100	1.6435	1.4289	1.3701	1.2047	2.5365	2.9715
TRAESCS5D01G292700	2.4448	2.5349	1.9842	2.1543	3.4937	4.028
TRAESCS5D01G370200	1.5112	1.9219	1.6719	1.5927	3.2041	3.4962
TRAESCS5D01G459900	42.7023	35.3575	49.4822	32.1757	61.5425	87.8611
TRAESCS5D01G516000	5.9658	7.1121	8.2791	5.9663	10.9944	11.3353
TRAESCS6A01G052100	1.1746	1.416	1.4949	0.9382	2.5312	2.7791
TRAESCS6A01G170700	4.2385	5.6809	2.7182	3.0683	6.9663	11.0161
TRAESCS6A01G368800	0.1761	0.3204	0.3476	0.0595	0.5576	0.9398
TRAESCS6B01G272900	2.1516	2.1496	2.6061	2.0556	4.6886	6.4357
TRAESCS6B01G285500	2.6659	2.8752	2.9091	2.3299	4.3855	5.3053
TRAESCS6D01G179100	4.7788	4.5638	4.9538	4.1038	6.7169	8.1503
TRAESCS6D01G261400	1.0453	2.9442	0.6565	1.0459	2.9052	4.3131
TRAESCS6D01G302100	6.2939	5.8722	7.0209	5.9082	9.1198	9.7945
TRAESCS6D01G362500	10.549	10.8941	12.4638	9.3549	14.5139	16.7734
TRAESCS7A01G015000	2.7868	2.6009	3.2062	2.5146	4.4478	5.4331
TRAESCS7A01G204100	6.1898	5.7486	7.0747	4.7949	8.0631	10.922
TRAESCS7A01G332000	27.9817	31.9623	33.8519	24.9023	48.6605	68.4016
TRAESCS7A01G357100	21.2613	23.3338	23.8809	18.4217	28.9475	34.0066
TRAESCS7A01G409900	3.3154	6.4058	3.9574	3.1386	6.9621	7.41
TRAESCS7B01G193200	17.1806	16.5304	18.8872	14.7913	23.8099	30.2301
TRAESCS7D01G220200	1.8831	1.8493	2.6034	1.5531	2.5522	2.9583
TRAESCS7D01G298800	6.5982	9.1222	5.1347	5.9819	10.3796	10.3651
TRAESCS7D01G350400	10.8037	10.2905	12.631	10.5682	16.4459	17.682
TRAESCS7D01G365600	24.796	24.84	20.675	20.4825	32.3603	37.8563