geneid	2dpi_mock	4dpi_mock	6dpi_mock	2dpi_inoc	4dpi_inoc	6dpi_inoc
TRAESCS1A01G002500	2.15	2.1546	2.392	2.6397	3.7994	6.0959
TRAESCS1A01G047000	2.347	3.3037	5.3751	1.7657	5.194	11.8865
TRAESCS1A01G051300	0.5667	0.5275	0.6953	0.4629	1.4353	2.4426
TRAESCS1A01G069300	1.4696	1.1486	1.3026	0.5462	5.4193	22.1728
TRAESCS1A01G089500	12.7487	22.0369	15.7446	12.7466	57.9346	429.65
TRAESCS1A01G091200	2.1588	2.4274	2.6812	2.5421	4.5895	8.3096
TRAESCS1A01G103900	0.7248	1.076	2.0386	0.9187	2.7117	10.0014
TRAESCS1A01G112100	1.9581	1.4701	2.984	1.8239	5.8179	20.1814
TRAESCS1A01G120100	2.7343	1.952	3.5554	2.2853	8.1727	31.8393
TRAESCS1A01G122500	3.2632	3.281	8.623	3.3785	10.308	24.3872
TRAESCS1A01G122700	25.4379	25.1451	26.7646	22.1466	42.1152	78.6855
TRAESCS1A01G138100	0.2508	0.2354	0	0.2487	0.867	3.6095
TRAESCS1A01G139400	2.3173	2.0405	2.0243	2.2944	3.6587	6.8721
TRAESCS1A01G150400	1.4993	4.242	10.3426	1.7372	5.6321	13.9856
TRAESCS1A01G153100	0.5673	0.706	0.8291	1.3669	3.8168	10.327
TRAESCS1A01G155200	198.433	218.5267	231.8357	200.0263	255.4173	348.2027
TRAESCS1A01G158300	10.6704	9.4393	13.5159	10.1872	15.5832	28.2353
TRAESCS1A01G158700	11.1797	9.1864	11.2866	10.4427	19.5618	40.2361
TRAESCS1A01G177700	1.4792	1.6497	2.1041	1.5283	3.2029	7.6928
TRAESCS1A01G177800	0.736	0.9736	2.4253	1.0449	4.0509	13.8158
TRAESCS1A01G179000	9.0168	16.8827	30.0156	7.159	23.3051	81.5647
TRAESCS1A01G181000	0.318	0.1364	0.3399	0.3994	6.0354	48.5598
TRAESCS1A01G183000	0.2359	0.2866	0.2659	0.189	1.6727	8.8074
TRAESCS1A01G183800	7.8607	5.9985	8.5398	6.9847	12.3837	22.4435
TRAESCS1A01G191900	3.0566	5.4358	6.4109	3.9403	7.2913	18.4996
TRAESCS1A01G197200	8.0519	6.9304	15.6024	6.7775	21.6018	44.0089
TRAESCS1A01G197600	11.1161	10.9138	14.0462	10.0185	18.1891	30.4684
TRAESCS1A01G198300	0.1918	0.0527	0.4839	0.146	0.6544	1.6107
TRAESCS1A01G202300	5.8906	6.1191	6.5027	5.7135	8.7347	16.0693
TRAESCS1A01G209100	1.8377	1.8856	3.1987	1.5935	9.3853	29.2791
TRAESCS1A01G210800	0.5519	0.6155	0.645	0.4087	1.1793	3.9739
TRAESCS1A01G211500	0.1415	0.0955	0.1738	0.1622	1.0328	4.1594
TRAESCS1A01G218200	0.1604	0.126	0.3526	0.2382	0.6951	1.3626
TRAESCS1A01G225600	2.4855	1.806	2.3269	2.5257	4.6197	6.9617
TRAESCS1A01G227000	3.4303	3.3705	3.8379	2.7035	5.8922	10.8414
TRAESCS1A01G230400	5.5446	5.8321	13.0902	6.8446	21.2077	106.844
TRAESCS1A01G251600	33.3567	33.1195	28.1004	33.507	43.3813	58.0807
TRAESCS1A01G253200	0.1458	0.1027	0.4181	0.0888	2.2957	13.5183
TRAESCS1A01G255100	2.2291	4.7631	7.464	2.3157	11.2697	43.885
TRAESCS1A01G263700	0.4221	1.2188	1.283	0.4078	4.8247	21.5628
TRAESCS1A01G266000	0.1318	0	0.0454	0.0551	4.5136	29.2161
TRAESCS1A01G274400	10.5296	13.5692	21.5864	8.8978	23.692	96.649
TRAESCS1A01G275200	8.2348	10.5598	17.057	9.5092	16.2902	33.4591
TRAESCS1A01G279100	20.3929	23.001	26.2486	18.3951	35.0394	53.5093
TRAESCS1A01G285000	1.3389	2.2443	3.8644	1.101	16.3016	80.2731
TRAESCS1A01G286500	0.4997	1.479	3.4392	0.6596	1.9865	2.9652
TRAESCS1A01G287000	0.4788	2.1195	4.3355	1.7379	10.8053	50.9108
TRAESCS1A01G290500	1.6809	1.7268	1.4334	1.3181	3.2324	6.4511
TRAESCS1A01G291200	1.0279	2.9598	4.7161	0.5048	4.7841	23.1934
TRAESCS1A01G299100	0.3008	0.7409	2.3029	0.8732	9.8947	40.0638
TRAESCS1A01G309700	1.2594	1.2541	2.0704	1.3133	7.4353	21.7979
TRAESCS1A01G310500	1.2768	1.5932	2.2665	0.9265	3.9224	15.7293
TRAESCS1A01G316900	128.0507	138.6717	156.378	127.0293	193.025	311.2547
TRAESCS1A01G340100	0.0334	0.113	0.0369	0.1373	3.069	8.034
TRAESCS1A01G350200	69.3197	69.8867	87.0151	80.9391	135.5267	281.2173
TRAESCS1A01G369700	9.0309	9.115	12.5955	8.3763	15.1482	23.4541
TRAESCS1A01G371900	0.5729	0.224	0.7903	0.549	2.2834	9.0704
TRAESCS1A01G395300	0.8788	0.9279	1.9398	0.651	2.739	7.857
TRAESCS1A01G402400	3.5556	2.421	2.8961	3.0079	6.9036	17.2258
TRAESCS1A01G420300	9.9645	9.7591	11.2167	10.0658	14.4819	18.9661
TRAESCS1B01G024500	19.1006	18.2173	29.7736	19.3183	38.7928	63.2138
TRAESCS1B01G030800	5.8337	5.8244	6.1472	5.4613	8.2639	14.3629
TRAESCS1B01G068000	0.6799	0.5046	0.7564	0.6218	1.7092	4.7939
TRAESCS1B01G081900	2.4443	1.4214	2.2437	1.7832	5.4757	17.1283
TRAESCS1B01G088900	0.5462	0.2987	1.6177	0.5943	2.8016	10.1868
TRAESCS1B01G090600	9.3294	4.3464	4.0985	12.071	18.6642	41.9056
TRAESCS1B01G093700	1.4066	1.0837	1.1706	1.5846	2.578	3.5721
TRAESCS1B01G097700	9.485	9.214	12.4368	8.7406	14.2615	34.6697
TRAESCS1B01G117400	14.5946	18.9333	21.004	17.8334	72.089	437.9903
TRAESCS1B01G119000	1.822	1.9836	2.9289	2.0584	3.9794	7.0965
TRAESCS1B01G125100	9.0929	9.2433	9.4776	8.4912	15.0698	23.4134
TRAESCS1B01G138600	0.3449	0.0992	0.5729	0.4793	3.4534	14.6501
TRAESCS1B01G139500	2.3634	1.8549	3.7572	2.0321	7.3681	29.459
TRAESCS1B01G141700	4.3762	6.7253	14.9028	4.351	13.9321	22.3342
TRAESCS1B01G159400	0.9442	0.9386	2.0433	0.9385	2.7444	8.5189
TRAESCS1B01G164000	4.6599	2.9175	6.6917	3.1387	29.4499	86.0426
TRAESCS1B01G167800	9.676	18.6191	37.3579	8.3051	17.2903	40.4094
TRAESCS1B01G173400	0.0937	0.182	0	0.1892	2.9174	13.3694
TRAESCS1B01G173600	2.9523	4.0645	6.4551	2.5564	5.6739	18.9531
TRAESCS1B01G174700	6.3226	5.745	6.0229	6.0513	11.1519	23.1204
TRAESCS1B01G191100	15.0543	13.8666	19.4148	11.3053	34.2916	54.4101
TRAESCS1B01G192200	0.2008	0.0535	0.679	0.1047	1.3192	9.0321
TRAESCS1B01G199600	0.1055	0.0494	0.2951	0.178	15.736	108.6248
TRAESCS1B01G201400	7.8583	15.6474	31.2852	6.4045	22.2405	85.8263
TRAESCS1B01G202500	0.898	1.241	2.2413	0.7451	2.041	6.9157
TRAESCS1B01G213100	0.4802	0.3851	0.6664	0.6221	1.2454	2.1583
TRAESCS1B01G223300	5.9204	6.1346	11.8203	6.2791	20.5232	60.1758
TRAESCS1B01G226300	6.9453	6.6408	8.3832	5.6473	9.1127	14.5504
TRAESCS1B01G232300	8.6252	13.3312	22.8582	9.579	17.532	29.6793
TRAESCS1B01G243800	4.6692	5.0892	7.7606	5.1985	13.4412	57.6162
TRAESCS1B01G255800	1.0718	1.4606	2.39	1.1003	3.077	8.0903
TRAESCS1B01G258300	3.1965	3.9603	3.9389	3.3825	6.091	14.4667
TRAESCS1B01G265900	2.99	4.2174	6.9928	3.4574	10.2372	34.0936
TRAESCS1B01G266200	2.3822	11.5639	26.2767	1.5786	5.0828	12.4191
TRAESCS1B01G267900	0.0641	0.0724	0.0265	0.0399	1.5218	4.9749
TRAESCS1B01G270100	0.0456	0	0	0.0919	1.1247	2.8224
TRAESCS1B01G274300	0.4339	1.8317	2.9945	0.7878	4.7036	12.9007
TRAESCS1B01G283900	12.4864	12.6196	17.9644	8.9121	36.7995	189.4863
TRAESCS1B01G288800	0.1669	0.1496	0.4228	0.1507	1.7225	5.8293
TRAESCS1B01G294300	0.7083	2.1112	5.1543	0.9545	26.209	118.5751
TRAESCS1B01G295500	0.4441	0.5037	0.7917	0.1749	3.4694	21.2085
TRAESCS1B01G299800	0.7027	1.1337	0.9207	0.9484	2.4246	6.1352
TRAESCS1B01G305900	1.1932	1.5545	1.1715	0.9496	2.3702	4.8744
TRAESCS1B01G308900	0.2675	0.2839	0.6486	0.4999	9.5196	53.3879
TRAESCS1B01G312800	3.105	5.7268	8.6849	1.9538	6.2801	15.4129
TRAESCS1B01G316400	6.7741	6.5516	9.2552	5.909	12.1007	30.6355
TRAESCS1B01G320800	1.3435	1.2733	3.1097	1.9542	5.012	14.3118
TRAESCS1B01G321800	0.4269	0.5949	1.1385	0.5927	2.246	13.0403
TRAESCS1B01G340300	24.0261	16.7597	17.8503	21.2007	32.7958	46.5433
TRAESCS1B01G352200	3.5835	3.6114	4.1397	3.3054	6.7472	13.2415
TRAESCS1B01G352400	0.1173	0.1531	0.1972	0.1848	6.4186	19.7589
TRAESCS1B01G361400	0.6574	0.9964	2.0082	0.6921	2.0297	6.7334
TRAESCS1B01G361600	0.4161	0.3744	0.4605	0.6503	2.497	6.4707
TRAESCS1B01G364200	0.2185	0.0602	0.2989	0.0519	2.4475	13.5219
TRAESCS1B01G371300	2.968	3.1382	6.2996	3.1549	6.0212	16.8996
TRAESCS1B01G381000	2.4255	6.3594	11.5339	2.6641	4.8108	15.2103
TRAESCS1B01G388800	6.757	8.3209	9.0037	7.2585	14.0444	21.7987
TRAESCS1B01G401800	9.5397	6.4746	8.1111	8.6885	14.2166	21.7463
TRAESCS1B01G410800	1.6352	1.2032	2.4752	1.4136	6.2529	20.5257
TRAESCS1B01G419100	3.5181	2.5503	4.2948	3.4245	6.565	12.6584
TRAESCS1B01G424400	3.9434	4.0742	4.9017	3.4859	5.8649	11.5075
TRAESCS1B01G433400	10.8334	10.2	11.7187	11.5884	16.7458	24.4388
TRAESCS1B01G448300	3.6805	4.8255	9.0833	2.9948	12.5275	48.7867
TRAESCS1B01G450700	2.9414	3.9671	4.2351	3.2578	4.9825	7.3632
TRAESCS1B01G452000	3.9645	4.4862	8.3188	3.6369	7.212	16.0017
TRAESCS1D01G004700	1.759	1.2325	2.1164	1.9859	2.8903	4.8461
TRAESCS1D01G017500	0.2263	0.352	1.2161	0.4401	2.3361	7.3983
TRAESCS1D01G020000	13.4715	13.7503	26.0924	13.0526	31.5888	73.2352
TRAESCS1D01G034300	1.2129	0.9078	3.7075	0.9168	3.9032	14.5512
TRAESCS1D01G053300	1.0379	1.0263	1.8695	0.9199	2.251	8.8925
TRAESCS1D01G057300	0.5351	0.4117	1.2016	0.7689	2.4771	15.1732
TRAESCS1D01G067800	1.1271	1.0699	3.1661	0.9788	6.2354	38.2252
TRAESCS1D01G071800	0.557	0.4429	0.7215	0.4079	1.8496	5.7775
TRAESCS1D01G082900	4.1019	6.6243	9.266	3.513	6.4659	14.9135
TRAESCS1D01G098000	18.4079	26.0628	33.2535	20.0075	82.068	779.903
TRAESCS1D01G104800	1.3259	1.4805	1.6535	1.2229	4.6804	9.9945
TRAESCS1D01G117400	1.4214	1.5779	4.3096	0.9771	4.1896	16.5211
TRAESCS1D01G120000	0.4365	0.2951	0.5823	0.3288	5.2816	25.7391
TRAESCS1D01G121000	2.0747	1.4229	2.5603	1.6563	7.0745	28.056
TRAESCS1D01G124000	8.8035	13.5083	23.0987	10.6999	32.7155	114.0916
TRAESCS1D01G141400	0.5228	0.2345	0.5886	0.4564	3.3609	10.6635
TRAESCS1D01G144400	0.4858	0	1.726	0.2361	17.7421	69.277
TRAESCS1D01G147400	1.5667	3.3764	7.1897	2.3314	6.1187	21.0867
TRAESCS1D01G153900	118.7167	136.869	144.193	118.8603	166.4487	315.9887
TRAESCS1D01G154900	0.4219	0.1743	0.7113	0.2516	2.131	20.9536
TRAESCS1D01G155000	1.8625	1.7187	1.9516	1.3074	4.1663	21.4218
TRAESCS1D01G164100	0.6212	0.3539	0.7991	0.3275	1.4902	5.7372
TRAESCS1D01G166600	1.173	2.6739	5.9148	0.9283	5.6639	27.2971
TRAESCS1D01G166900	11.0916	12.6764	17.4807	9.9685	16.799	25.5986
TRAESCS1D01G167000	9.6081	10.3494	9.522	9.2829	13.1707	21.2088
TRAESCS1D01G177400	6.3727	17.4841	41.4665	3.943	15.8196	91.9175
TRAESCS1D01G184500	0.4541	0.0929	0.1212	0.9389	3.2221	30.0841
TRAESCS1D01G184800	14.6448	24.9525	36.209	12.7673	20.1168	34.6035
TRAESCS1D01G192900	5.6212	4.4326	6.1876	5.1437	12.1746	27.4683
TRAESCS1D01G194200	0.2289	0.5823	1.3759	0.1375	1.0607	5.7372
TRAESCS1D01G198500	8.1661	5.2143	6.9635	7.6766	18.9114	37.8233
TRAESCS1D01G199700	6.5278	6.735	6.8432	6.8341	12.4992	23.6021
TRAESCS1D01G200300	0.7645	0.2801	0.2669	0.748	1.8222	4.3262
TRAESCS1D01G214700	0.3453	0.1148	0.3952	0.4211	1.652	7.3099
TRAESCS1D01G223600	5.0239	6.8614	7.3741	5.4368	9.5121	16.4166
TRAESCS1D01G226600	6.3083	6.7266	8.6338	6.1988	11.221	23.4343
TRAESCS1D01G226800	1.7539	1.4753	1.2771	1.6745	2.7628	3.8499
TRAESCS1D01G231600	6.7212	6.3748	11.9836	6.9724	16.2906	82.8009
TRAESCS1D01G236800	1.1483	1.3481	2.1278	0.715	2.6154	10.6331
TRAESCS1D01G239000	0.2066	0.3637	0.7323	0.1611	1.7237	9.6956
TRAESCS1D01G243000	2.0735	1.0128	1.8136	1.7944	4.366	13.1844
TRAESCS1D01G244300	1.3329	1.786	2.253	1.362	2.7912	6.4279
TRAESCS1D01G254500	2.8092	5.304	6.7831	3.5095	10.8201	29.9359
TRAESCS1D01G256700	0.1168	0.063	0.0311	0.1069	2.6086	7.8617
TRAESCS1D01G264500	1.3947	4.9158	9.208	1.0221	4.9427	19.4481
TRAESCS1D01G270500	3.6467	3.7006	5.0491	2.946	7.5119	33.9735
TRAESCS1D01G274400	12.2669	15.3584	19.585	9.8432	27.0745	126.3477
TRAESCS1D01G276400	1.2362	1.646	3.2314	0.6786	6.9429	24.8178
TRAESCS1D01G281800	0.2813	0.0696	0.3428	0.0599	3.8266	42.2448
TRAESCS1D01G284000	1.898	3.1179	7.0928	1.4087	20.5318	167.2813
TRAESCS1D01G286200	0.0595	0.4002	0.5602	0.1261	0.6548	1.4071
TRAESCS1D01G286400	0.865	0.9646	0.9525	1.1679	2.1577	5.8668
TRAESCS1D01G289800	2.8391	8.3188	15.8719	1.4702	21.8705	123.9463
TRAESCS1D01G292100	0.5393	0.3313	0.5038	0.6269	3.6715	29.821
TRAESCS1D01G305900	30.0966	47.1503	63.5909	33.4992	62.4566	91.1169
TRAESCS1D01G309200	0.6065	0.8918	3.0664	1.1032	6.6495	24.4183
TRAESCS1D01G327000	7.1083	7.1646	9.6229	6.2029	14.9602	37.2027
TRAESCS1D01G333500	1.3873	2.733	5.5361	1.5059	3.9382	10.05
TRAESCS1D01G336300	1.2865	1.1657	3.4089	1.1135	6.0756	24.924
TRAESCS1D01G342100	0.0672	0.0867	0.1164	0.2489	5.3867	17.1134
TRAESCS1D01G344600	11.6202	9.3413	10.841	12.2029	17.4753	24.005
TRAESCS1D01G353100	56.8904	57.2145	81.4109	70.2975	144.0233	348.794
TRAESCS1D01G354900	2.7634	1.4763	2.9138	2.1552	5.0556	11.4992
TRAESCS1D01G358500	3.4283	6.1418	8.3956	3.5291	6.5888	15.4897
TRAESCS1D01G371700	0.4698	0.2476	0.4613	0.6481	2.1392	5.0428
TRAESCS1D01G399000	3.9022	2.8405	3.8398	3.547	7.4124	24.4413
TRAESCS1D01G403500	0.895	0.9508	1.6335	0.7696	4.4116	10.972
TRAESCS1D01G412200	26.7469	40.3565	61.31	23.1364	112.0786	264.4507
TRAESCS1D01G426000	5.0528	5.7957	9.664	4.575	13.8527	42.4219
TRAESCS1D01G428700	5.301	4.5104	8.3481	4.339	7.8563	20.4032
TRAESCS1D01G436900	2.0165	1.1673	1.108	2.4146	6.0587	34.1098
TRAESCS1D01G449200	23.7779	18.3589	19.1923	21.8632	30.7416	49.8233
TRAESCS2A01G040100	12.7617	11.0754	16.8486	12.0279	28.7645	72.3326
TRAESCS2A01G041100	11.1941	9.8393	11.403	11.4211	15.9398	29.8723
TRAESCS2A01G048600	0.2447	0.8859	4.0306	0.13	1.3847	7.2758
TRAESCS2A01G101400	0.911	1.6937	3.7506	1.0367	4.0715	14.9991
TRAESCS2A01G102100	1.6284	1.7506	2.1154	1.4685	4.5016	14.4085
TRAESCS2A01G102600	7.4438	6.7336	14.2931	5.7601	19.5896	62.8221
TRAESCS2A01G106500	0.3212	4.1964	7.4504	0.4764	2.1627	8.9849
TRAESCS2A01G107000	11.2075	12.0505	19.9953	15.9112	35.6694	76.7218
TRAESCS2A01G121200	54.1528	55.6451	68.9917	59.4462	99.6666	171.7697
TRAESCS2A01G134100	0.2912	0.3558	0.3777	0.4132	1.1426	3.0726
TRAESCS2A01G134900	4.7649	4.5576	5.0843	4.8141	8.0869	17.117
TRAESCS2A01G143500	0.1405	0.6675	1.2937	0.3518	1.2893	2.6216
TRAESCS2A01G161300	8.8926	11.0489	16.4141	6.4421	16.494	51.8959
TRAESCS2A01G169300	11.0361	5.4981	12.3941	11.6148	34.6335	83.6915
TRAESCS2A01G187300	20.6164	22.691	24.4794	20.6392	33.4001	70.2302
TRAESCS2A01G190800	0.3697	1.3128	1.6534	0.538	2.3632	7.2896
TRAESCS2A01G198500	12.1051	24.7899	42.3175	11.5398	42.8302	113.3406
TRAESCS2A01G213900	2.8065	3.4863	3.7443	3.1388	4.8874	7.9356
TRAESCS2A01G231900	2.6351	1.569	2.1137	2.408	4.9044	9.5082
TRAESCS2A01G243400	0.6155	0.3815	0.7257	0.7307	2.2226	7.0401
TRAESCS2A01G245200	28.2089	30.0277	33.0022	31.8599	42.2054	62.8151
TRAESCS2A01G254300	4.2836	8.3444	11.6278	3.412	11.1866	24.6032
TRAESCS2A01G263300	114.7363	146.1393	164.8927	119.6487	169.374	221.965
TRAESCS2A01G273100	19.6831	22.6739	32.4735	17.9004	42.5246	108.5467
TRAESCS2A01G273800	0.0438	0.0711	0.2437	0.0793	1.3122	2.0455
TRAESCS2A01G277100	0.1191	0.0995	0.2655	0.1797	3.1151	22.3241
TRAESCS2A01G280700	2.4713	3.0535	5.1564	1.7619	7.8013	27.3972
TRAESCS2A01G290100	0.5879	2.7496	5.3313	0.7109	2.855	5.6075
TRAESCS2A01G295800	5.3487	5.1493	7.0127	5.9983	8.248	15.4429
TRAESCS2A01G295900	6.1027	5.5281	7.3817	4.95	8.6633	13.5849
TRAESCS2A01G315100	0.6952	1.5494	2.5824	0.9419	6.3866	25.3697
TRAESCS2A01G327600	18.8674	41.6047	45.0983	14.5686	59.3177	201.5007
TRAESCS2A01G327900	0.1364	0.1924	0.1601	0.2295	1.3956	5.9995
TRAESCS2A01G331700	0.2919	0.8017	0.8786	0.2327	1.4488	8.7453
TRAESCS2A01G336000	6.1056	5.8437	9.8574	4.3332	26.6688	106.9827
TRAESCS2A01G338800	0.0722	0.1409	0.1381	0.1681	2.3826	18.982
TRAESCS2A01G348300	1.4862	0.7298	1.461	1.1789	3.358	7.9624
TRAESCS2A01G363600	59.0318	52.0846	65.1528	48.0311	89.7407	170.3507
TRAESCS2A01G367700	0.1483	0.2803	1.3262	0.2423	3.703	37.9876
TRAESCS2A01G373500	1.9737	2.2071	2.8496	2.253	3.7341	6.1654
TRAESCS2A01G378300	0.4839	0.858	1.2295	0.4136	1.4075	5.3505
TRAESCS2A01G386800	0.4923	0.4064	0.9982	0.3428	2.1918	10.1585
TRAESCS2A01G389400	0.3447	1.4051	2.3435	0.7264	5.656	19.2109
TRAESCS2A01G390700	2.0799	2.0335	2.8033	1.7499	5.1159	16.5808
TRAESCS2A01G406900	1.1178	2.4148	3.0098	1.2586	16.066	92.39
TRAESCS2A01G408000	0.8175	0.7511	1.1707	0.6999	1.604	4.0165
TRAESCS2A01G408200	16.7958	21.8325	26.253	15.0011	35.8545	79.256
TRAESCS2A01G409500	1.0682	1.0755	1.2491	1.0904	2.6858	5.1153
TRAESCS2A01G425500	0.4247	0.8259	3.6944	0.284	2.0674	11.6918
TRAESCS2A01G432700	10.3612	10.399	9.2252	8.7101	33.5313	140.8427
TRAESCS2A01G438200	0.1906	0.2021	0.9472	0.368	2.3381	10.701
TRAESCS2A01G451300	3.4953	4.6986	8.4475	2.3137	9.7725	33.0743
TRAESCS2A01G467300	15.889	18.9459	18.4053	13.458	23.66	40.1553
TRAESCS2A01G473100	0.7631	1.006	1.1795	0.8022	2.3138	4.9898
TRAESCS2A01G493600	17.2032	38.2354	80.3999	12.8478	86.4627	341.4953
TRAESCS2A01G498700	6.843	4.1022	7.2095	6.1858	15.1321	34.2297
TRAESCS2A01G506500	15.7733	20.6503	29.5384	16.6131	36.3836	59.1666
TRAESCS2A01G507500	0.1287	0.4118	1.3149	0.0557	5.2667	23.8041
TRAESCS2A01G508800	0.3162	0.1103	0.2166	0.2054	0.6889	1.6699
TRAESCS2A01G508900	0.9331	0.8011	2.2029	1.0712	3.8756	17.3272
TRAESCS2A01G514200	0.3849	0.1983	0.3676	0.4922	1.5139	4.292
TRAESCS2A01G515700	13.0203	9.1733	9.6436	12.9212	25.3674	60.0887
TRAESCS2A01G544000	4.2772	4.4134	6.2221	5.1712	7.4391	14.4652
TRAESCS2A01G545600	43.3763	44.6705	47.785	36.772	84.3445	180.0253
TRAESCS2A01G556900	0.1384	0.6401	0.7008	0.356	1.2369	4.5199
TRAESCS2A01G567800	0.5206	0.6093	0.8208	0.5878	0.9894	1.5809
TRAESCS2A01G591000	0.2166	0.0769	2.1644	0.183	1.7552	10.3135
TRAESCS2B01G041800	0.1645	0.3387	0.7339	0.1754	0.8819	3.6149
TRAESCS2B01G048700	5.3659	3.9828	5.3809	4.3001	20.0187	57.3607
TRAESCS2B01G069000	1.26	1.8556	2.4106	1.4907	2.822	6.0703
TRAESCS2B01G103600	1.2135	0.5508	0.5757	0.6586	4.6098	13.8235
TRAESCS2B01G105700	26.7596	29.3253	39.1644	26.2155	38.7274	64.7321
TRAESCS2B01G118500	0.2885	0.725	1.8509	0.7729	6.9904	28.9258
TRAESCS2B01G119100	0.2626	0.4474	2.6431	0.106	1.8789	6.1778
TRAESCS2B01G119200	1.5182	1.4008	2.1676	1.8796	5.0199	14.3521
TRAESCS2B01G119700	8.8899	10.1874	20.5686	6.7816	20.6001	70.9068
TRAESCS2B01G123900	32.5117	22.4016	52.4638	27.513	86.1459	165.1867
TRAESCS2B01G148600	8.0033	7.4221	8.8827	8.8905	12.0361	21.6504
TRAESCS2B01G149000	9.9153	9.6252	10.7011	8.7433	13.0895	19.683
TRAESCS2B01G166100	1.5901	1.4584	1.819	1.422	3.0303	5.6434
TRAESCS2B01G167100	0.6086	1.1581	1.9947	0.8066	3.7206	22.1869
TRAESCS2B01G167900	2.7863	3.448	4.1349	2.9123	5.3995	9.275
TRAESCS2B01G174500	1.4068	1.3306	1.9211	1.0983	5.3681	14.412
TRAESCS2B01G180200	3.596	4.502	5.4322	3.1371	7.4481	13.1016
TRAESCS2B01G182700	1.0183	0.8819	1.3315	0.8997	6.3143	15.3109
TRAESCS2B01G195600	15.2864	7.9402	17.6982	15.0622	43.4717	103.3538
TRAESCS2B01G218600	1.1743	1.7843	3.6605	2.1961	5.9185	14.8586
TRAESCS2B01G219200	4.8093	3.4894	4.6861	5.0563	8.0972	21.5584
TRAESCS2B01G220000	15.4014	20.5945	18.323	15.9114	30.6628	70.1845
TRAESCS2B01G225900	22.027	42.0676	61.5685	23.4373	49.7338	145.7453
TRAESCS2B01G226600	0.9408	0.3225	1.1284	0.6648	3.4085	9.8455
TRAESCS2B01G230800	0.0834	0.1929	0.2713	0.1066	0.8004	3.5473
TRAESCS2B01G239400	3.6613	2.1404	4.0057	3.5151	6.1576	9.4583
TRAESCS2B01G247700	0.2252	0.6403	0.5429	0.2021	1.3712	3.3064
TRAESCS2B01G253700	0.8207	0.9674	1.0004	0.6313	1.9658	4.4524
TRAESCS2B01G271700	4.2875	3.165	5.4287	4.6532	10.9471	25.581
TRAESCS2B01G294500	0.8513	0.5544	1.2106	0.6303	8.7877	35.3184
TRAESCS2B01G298000	4.8532	4.1158	5.2871	3.5903	13.1431	31.7404
TRAESCS2B01G306600	0.2135	0.526	0.7688	0.5568	1.5283	3.3009
TRAESCS2B01G312300	5.8817	5.6673	7.9665	5.565	9.1346	18.7278
TRAESCS2B01G333600	0.4637	0.917	1.6337	0.7773	7.0981	37.728
TRAESCS2B01G346000	0.8958	0.3529	0.9846	0.8475	2.5503	6.7838
TRAESCS2B01G351100	0.8912	1.0911	1.8588	1.426	5.0937	24.3466
TRAESCS2B01G354100	0.4677	0.546	0.2936	0.4168	2.2157	4.9469
TRAESCS2B01G354400	30.0173	62.4579	47.8125	22.039	83.3888	240.4147
TRAESCS2B01G374700	19.1003	24.4884	33.8522	17.8667	34.9134	58.4603
TRAESCS2B01G390600	1.2926	1.3463	2.4642	1.5173	3.1679	5.8867
TRAESCS2B01G404400	1.0292	1.5252	2.5073	0.4367	2.8975	8.3309
TRAESCS2B01G407400	0.4448	0.3477	0.7283	0.5536	1.6092	4.8003
TRAESCS2B01G409300	1.7505	1.1242	5.9495	1.6161	7.1375	60.3285
TRAESCS2B01G414800	0.0331	0.0464	0.2696	0.2343	12.7743	57.6829
TRAESCS2B01G424500	0.6053	0.6801	0.7397	0.5987	13.1032	64.6297
TRAESCS2B01G426500	21.6216	26.5496	33.3983	19.5988	38.4344	78.4849
TRAESCS2B01G442900	8.8466	11.4718	23.2216	8.5015	18.6368	63.1006
TRAESCS2B01G443800	0.5004	0.2911	0.5842	0.3586	2.1627	8.6614
TRAESCS2B01G453000	2.4446	1.6291	4.0248	1.9555	4.2833	10.3334
TRAESCS2B01G456000	0.4729	4.2021	7.984	0.7008	3.0787	10.3401
TRAESCS2B01G459300	0.2588	0.4126	1.038	0.2607	1.8712	15.4884
TRAESCS2B01G472800	1.0394	3.4415	5.6602	0.5139	4.8511	14.3058
TRAESCS2B01G476400	0.293	0.2404	0.496	0.4012	2.7908	5.5263
TRAESCS2B01G484200	0.3166	0.6897	0.4259	0.3096	2.2687	6.4347
TRAESCS2B01G521600	36.4987	85.3109	189.9387	22.2033	97.3331	352.9877
TRAESCS2B01G526700	8.742	8.0949	8.2604	8.0325	16.1369	28.3592
TRAESCS2B01G534800	3.151	3.1811	4.722	2.3306	5.7309	11.8056
TRAESCS2B01G537300	2.4523	1.9949	2.3719	1.9614	4.5543	8.0178
TRAESCS2B01G579200	2.1718	1.5898	1.5095	1.4419	3.8048	8.2685
TRAESCS2B01G624100	4.7028	3.9778	5.8348	4.4522	6.1708	8.0052
TRAESCS2D01G034900	6.3886	5.4012	8.1773	5.4697	22.1239	53.0277
TRAESCS2D01G038700	14.8715	16.1474	20.7544	13.4099	38.1081	79.3555
TRAESCS2D01G053300	0.4999	2.2581	6.8091	0.5964	1.2627	4.0471
TRAESCS2D01G063000	0.1733	0.2539	0.7548	0.4518	6.185	38.8084
TRAESCS2D01G100900	0.3559	0.6505	2.3766	0.2158	5.1902	17.7915
TRAESCS2D01G101500	1.2677	1.1334	2.1519	1.8002	5.0774	15.8774
TRAESCS2D01G102100	8.6817	11.2219	22.5243	6.0774	18.9216	58.932
TRAESCS2D01G106800	18.4492	13.9214	31.2802	19.6205	46.6896	112.3668
TRAESCS2D01G124900	0.7595	0.3983	0.6879	0.63	1.6771	6.4886
TRAESCS2D01G145400	0.1225	0.1035	1.0734	0.2966	2.0413	16.5454
TRAESCS2D01G150600	7.562	8.1067	9.4732	7.7681	20.6356	79.4989
TRAESCS2D01G150800	12.752	12.5578	16.0888	10.8754	16.5326	25.7177
TRAESCS2D01G154100	1.8978	2.8315	7.3893	1.7511	6.4859	21.9552
TRAESCS2D01G158400	0.7808	0.9277	2.2488	0.8642	2.4577	14.8352
TRAESCS2D01G163900	4.8209	4.4864	7.997	4.0851	12.7773	25.8029
TRAESCS2D01G176800	17.9767	8.7657	21.8142	17.8583	41.8302	98.1567
TRAESCS2D01G183500	0.0615	0.1782	0.0809	0.0566	0.4488	1.1128
TRAESCS2D01G199600	4.7517	2.5785	2.9243	4.961	7.92	16.853
TRAESCS2D01G200600	15.2768	17.5592	16.9618	14.3408	27.5473	54.6444
TRAESCS2D01G214200	1.6138	1.5626	1.7984	1.7129	3.2541	6.126
TRAESCS2D01G220200	2.684	2.2775	2.5143	2.8876	5.2412	11.1541
TRAESCS2D01G230600	0.2144	0.0947	0.2231	0.1523	0.7218	1.4992
TRAESCS2D01G242100	21.2627	22.4258	22.2805	19.7779	28.042	40.3487
TRAESCS2D01G248200	1.0764	0.6265	1.3055	1.3228	3.2872	8.1182
TRAESCS2D01G252600	3.7789	3.5543	11.9196	3.2172	20.3348	79.0775
TRAESCS2D01G257400	8.4595	8.2869	8.1005	8.2644	11.8426	18.6984
TRAESCS2D01G259400	1.0945	0.4524	0.4744	1.3767	3.5075	11.1674
TRAESCS2D01G262000	3.9633	4.1174	4.3897	3.267	5.5933	9.2665
TRAESCS2D01G265800	4.9917	5.5042	5.7705	4.548	7.9212	15.8276
TRAESCS2D01G276000	0.2109	0.1014	0.1372	0.1128	3.0853	22.1228
TRAESCS2D01G294700	3.2251	2.0651	3.2262	3.6343	6.6651	10.8178
TRAESCS2D01G299500	0.275	0.2429	0.8459	0.7883	2.9812	9.9278
TRAESCS2D01G313400	0.3826	0.4107	1.2184	0.5358	3.9136	24.6819
TRAESCS2D01G319200	1.3091	3.7351	4.0722	0.8721	3.8958	9.3625
TRAESCS2D01G326900	3.5862	5.2311	12.8054	3.0248	18.5692	108.8538
TRAESCS2D01G328900	6.0402	6.433	7.5514	5.5087	18.3528	60.2634
TRAESCS2D01G335300	27.2903	53.9879	58.2322	19.4961	85.7804	318.8873
TRAESCS2D01G352900	198.619	489.0053	706.902	234.1143	396.954	832.605
TRAESCS2D01G361400	67.6864	74.1828	97.6149	62.3338	166.4883	480.9707
TRAESCS2D01G372000	0.257	0.5498	0.2869	0.4786	5.5827	15.681
TRAESCS2D01G376600	0.2277	0.689	0.9	0.4008	1.7717	4.6842
TRAESCS2D01G378400	1.7058	1.1372	2.8025	2.0641	7.3421	24.6082
TRAESCS2D01G379000	3.7875	3.1658	8.799	2.4389	16.7999	173.0087
TRAESCS2D01G383600	1.7163	2.2462	3.9993	1.4667	4.7085	12.3376
TRAESCS2D01G387900	5.0518	4.9789	5.3883	3.8925	12.2468	35.0917
TRAESCS2D01G388800	2.3456	2.059	6.903	2.228	8.6334	50.8066
TRAESCS2D01G394200	0.067	0.0689	0.0758	0.1397	3.2245	16.2894
TRAESCS2D01G397500	0.0986	0.5752	0.6057	0.1303	1.1173	3.3217
TRAESCS2D01G403800	0.5159	0.8022	1.012	0.1761	11.8997	70.6754
TRAESCS2D01G405600	11.0716	11.5765	14.5427	10.2483	15.3974	25.5188
TRAESCS2D01G407700	44.0231	57.3032	73.8086	38.7823	60.9516	126.571
TRAESCS2D01G418900	9.0145	22.2606	28.557	7.0686	15.3921	32.415
TRAESCS2D01G426500	0.4624	0.5077	1.1152	0.5675	1.4562	4.4137
TRAESCS2D01G451100	2.8006	4.5669	8.3809	1.6307	6.5817	25.383
TRAESCS2D01G454900	0.2468	0.1767	0.3641	0.1455	1.0622	3.4963
TRAESCS2D01G463000	0.9176	0.4406	0.7754	0.9258	2.6178	7.9154
TRAESCS2D01G493500	45.5276	93.6228	167.0623	32.7937	110.3506	369.3187
TRAESCS2D01G507200	12.501	13.7177	20.7183	11.2913	31.5264	98.1393
TRAESCS2D01G507900	0.1869	0.5696	1.4736	0.1599	3.2409	21.5988
TRAESCS2D01G510600	1.024	0.8435	0.9859	0.7849	1.9442	5.4304
TRAESCS2D01G519100	0.4352	1.2601	1.888	0.7033	1.9389	4.6209
TRAESCS2D01G527800	0.6433	4.9071	9.4192	0.6373	2.6274	14.375
TRAESCS2D01G534600	5.6674	5.9932	9.7576	5.2666	10.8152	18.5524
TRAESCS2D01G546500	51.163	55.4972	66.5195	43.7973	103.3789	229.3697
TRAESCS2D01G546600	1.1064	1.6828	2.1369	1.9705	6.1315	25.476
TRAESCS2D01G549400	3.3277	4.1553	2.9088	2.6703	7.8664	20.2663
TRAESCS2D01G599600	4.4319	4.5084	4.8231	4.2873	6.6172	9.0325
TRAESCS2D01G601400	4.6648	6.3515	9.1401	4.3598	8.8068	20.273
TRAESCS3A01G015500	1.66	1.5282	2.9196	1.1335	4.6451	16.48
TRAESCS3A01G020300	11.5591	13.4186	20.5958	12.3806	22.5281	62.33
TRAESCS3A01G022200	2.0342	2.1768	3.8418	2.4932	7.8003	45.5023
TRAESCS3A01G059900	1.3993	2.2036	3.2503	1.6874	5.2726	15.3155
TRAESCS3A01G097400	0.1555	0.7558	3.342	0.315	3.723	9.7041
TRAESCS3A01G106700	1.888	3.8287	6.4003	2.2955	4.6618	11.6552
TRAESCS3A01G107000	1.6197	0	1.6925	1.5696	4.8378	11.9902
TRAESCS3A01G109300	0.3116	1.0751	2.3387	0.1365	1.3133	6.5239
TRAESCS3A01G111400	0.8891	1.9597	4.2407	1.0737	4.6845	24.8239
TRAESCS3A01G128600	8.0995	8.2052	11.8927	8.4604	16.8982	31.0194
TRAESCS3A01G138800	0.4206	0.2192	0.7554	1.135	11.4614	44.1529
TRAESCS3A01G160500	0.0912	0.1492	0.609	0.2522	1.8455	9.4553
TRAESCS3A01G165700	0.4652	1.1677	1.0206	0.9391	1.9123	6.4576
TRAESCS3A01G172900	6.4183	6.1357	7.4377	7.1893	15.1113	29.3173
TRAESCS3A01G189300	8.7065	11.3985	11.5093	10.1693	24.9908	47.038
TRAESCS3A01G189800	2.3275	1.706	3.9235	2.2141	4.9969	10.7764
TRAESCS3A01G193900	12.0181	14.6552	16.9634	12.0693	31.1842	143.8057
TRAESCS3A01G195300	25.6325	30.9994	44.1982	21.47	61.8154	214.1387
TRAESCS3A01G211100	0.1175	0.3494	0.6472	0.1603	1.2074	3.8813
TRAESCS3A01G215000	0.7406	0.7299	1.7874	0.7785	4.4072	27.475
TRAESCS3A01G215400	0.8764	0.3706	1.8997	0.8086	5.5102	23.3604
TRAESCS3A01G217200	0.8891	0.7561	1.7187	0.9566	3.2946	12.2918
TRAESCS3A01G219800	8.0288	12.5752	15.2909	8.007	16.0447	24.5952
TRAESCS3A01G222100	0.8244	1.1637	1.1827	1.4588	9.0982	56.8967
TRAESCS3A01G226600	0.1144	1.3759	5.8148	0.3169	16.4324	100.9038
TRAESCS3A01G232100	1.045	0.788	2.0464	0.6772	2.5812	5.0719
TRAESCS3A01G233800	2.762	1.8468	2.8487	2.6554	6.2713	17.1823
TRAESCS3A01G245700	4.4091	4.5391	4.6407	3.8562	5.6141	7.7449
TRAESCS3A01G247400	6.0805	7.5729	7.7644	5.9672	9.8191	18.1939
TRAESCS3A01G249000	0.3846	0.1515	0.601	0.2593	1.6613	6.328
TRAESCS3A01G250500	17.4842	14.734	15.8798	15.5217	34.4437	65.2002
TRAESCS3A01G266800	0.1859	0.1651	0.9981	0.3908	1.2287	2.7962
TRAESCS3A01G276200	0.2511	0.1641	0.5602	0.5572	3.2942	13.5938
TRAESCS3A01G276700	2.6701	4.2835	10.895	2.6359	7.5791	13.8036
TRAESCS3A01G279500	0.3074	0.1138	0.3394	0.2569	1.5265	6.7198
TRAESCS3A01G280200	0.4212	0.771	1.478	0.1717	1.2279	4.4562
TRAESCS3A01G287500	0.418	1.158	1.5656	0.7065	2.9976	10.3575
TRAESCS3A01G299000	9.2103	8.1192	9.069	9.3645	19.574	25.3958
TRAESCS3A01G305400	19.2479	20.9026	28.6069	15.6305	36.1819	90.2261
TRAESCS3A01G306400	1.1724	1.005	1.2796	0.9548	2.9624	5.264
TRAESCS3A01G322100	2.9561	2.1962	3.2289	2.4037	5.8233	23.1522
TRAESCS3A01G323000	2.5558	2.6668	3.3091	2.4375	4.6798	7.4175
TRAESCS3A01G337100	1.0468	2.1791	3.0165	0.8579	3.4315	11.4155
TRAESCS3A01G337300	21.9245	24.875	33.1325	23.5761	42.7296	80.9077
TRAESCS3A01G341000	47.9922	54.351	58.1412	53.3843	81.6432	207.2297
TRAESCS3A01G342900	1.8513	2.4661	9.7978	0.7628	10.1711	61.7896
TRAESCS3A01G346700	0.4392	0.0871	0.1253	0.4309	3.402	6.7358
TRAESCS3A01G347600	5.349	4.9702	4.8172	4.9993	8.2258	15.7478
TRAESCS3A01G355200	5.5918	5.1325	6.577	5.0008	11.3082	22.2847
TRAESCS3A01G362200	0.677	0.4454	0.825	1.1989	8.6125	19.5428
TRAESCS3A01G363000	14.4524	11.1845	14.489	15.3369	39.9169	327.2473
TRAESCS3A01G371200	0.091	0.0375	0.1079	0.1605	0.8801	4.3695
TRAESCS3A01G378700	0.0993	0.2885	0.4786	0.148	0.8771	3.11
TRAESCS3A01G379800	5.007	6.0229	7.4961	6.0524	12.1334	26.3043
TRAESCS3A01G380800	1.1957	1.5032	1.6088	1.0379	2.2954	3.4151
TRAESCS3A01G391100	18.1759	28.8667	28.2423	21.4193	38.2993	75.0522
TRAESCS3A01G400000	1.2826	1.198	3.5636	1.4284	6.5477	31.9142
TRAESCS3A01G422100	3.4381	9.0991	17.3973	3.4956	28.8643	129.1222
TRAESCS3A01G439000	4.7705	4.8558	3.8796	5.3081	8.7711	16.4191
TRAESCS3A01G439800	8.2986	8.3447	12.4918	8.8663	18.7696	90.6168
TRAESCS3A01G440100	6.6595	5.24	6.5379	5.7946	12.5359	35.8996
TRAESCS3A01G452300	0.9112	0.5657	0.2881	0.9319	3.7122	8.3747
TRAESCS3A01G455600	1.2235	1.2536	1.657	1.3032	2.7005	5.3549
TRAESCS3A01G456300	0.539	0.2751	1.7394	0.2601	3.6351	8.4636
TRAESCS3A01G487500	0.7013	1.5716	2.3459	1.0592	4.1112	12.9254
TRAESCS3A01G507400	7.0171	9.7756	10.0982	6.7129	15.7273	43.2115
TRAESCS3A01G507600	25.444	31.0716	29.7278	24.8712	49.9307	81.0144
TRAESCS3A01G520900	6.0102	5.2086	6.2854	4.902	8.5877	17.0669
TRAESCS3A01G524000	51.5294	71.1229	88.8831	56.3125	112.2396	206.3963
TRAESCS3B01G003500	0.1669	0.1179	0.2146	0.1698	1.7994	9.113
TRAESCS3B01G021700	0.0588	0.0255	0.2006	0.1553	1.0115	5.352
TRAESCS3B01G023700	1.267	1.3012	1.85	1.6289	4.0881	20.2085
TRAESCS3B01G025200	6.505	7.7153	10.558	6.3939	11.7005	29.4545
TRAESCS3B01G039700	0.9844	0.7304	2.4811	1.0531	3.8218	12.6272
TRAESCS3B01G039900	1.2709	1.2412	2.4233	1.5748	3.3241	6.481
TRAESCS3B01G040000	8.2543	6.7017	9.4248	5.995	15.1235	33.7307
TRAESCS3B01G063200	0.9507	1.4721	7.4575	0.5935	6.3599	24.4922
TRAESCS3B01G105600	5.3481	10.6742	15.0958	4.4127	10.489	23.4793
TRAESCS3B01G120600	3.3589	2.9726	3.7352	4.1981	9.9252	62.5304
TRAESCS3B01G125500	0.2957	0.4409	1.144	0.4716	2.6107	6.3281
TRAESCS3B01G132400	3.367	3.8337	7.5488	3.5721	9.6708	32.5212
TRAESCS3B01G141600	7.5286	6.3443	9.2855	6.8146	18.7291	72.3042
TRAESCS3B01G144800	0.9274	1.8517	6.6194	0.7036	3.7845	12.0266
TRAESCS3B01G149100	19.349	20.5035	26.7688	19.539	28.3517	43.2851
TRAESCS3B01G168300	1.2184	2.2319	4.1002	0.7668	4.1818	18.6654
TRAESCS3B01G178100	7.2089	5.4628	6.993	6.6377	12.9655	22.5238
TRAESCS3B01G193200	1.9222	1.4047	1.8112	1.944	3.5023	7.4135
TRAESCS3B01G203800	8.1625	7.1253	12.7407	8.5049	19.8845	42.9881
TRAESCS3B01G218500	5.9387	7.4261	9.3523	7.2398	20.8048	44.0918
TRAESCS3B01G221400	0.4292	0.4688	0.7723	0.5382	2.3598	6.2158
TRAESCS3B01G221800	2.8169	1.8952	3.3151	2.9932	8.5948	48.5526
TRAESCS3B01G228500	8.0417	8.9637	15.0571	8.0314	22.934	78.1437
TRAESCS3B01G237400	7.4071	7.0782	9.4397	7.1968	10.1386	15.4148
TRAESCS3B01G247500	0.4392	0.298	0.7501	0.2797	1.1851	2.4995
TRAESCS3B01G252000	0.7388	0.6528	0.6105	1.0888	8.8149	67.5195
TRAESCS3B01G257900	0.759	0.3288	0.6688	0.5271	18.9433	98.8604
TRAESCS3B01G260300	0.7735	1.9073	6.3446	0.3171	8.9116	22.6124
TRAESCS3B01G263600	1.0266	0.3477	1.3723	0.4838	3.1895	17.4561
TRAESCS3B01G264800	9.5782	10.0712	13.901	8.4321	12.9006	24.2983
TRAESCS3B01G274100	1.6316	0.8228	1.4559	1.6346	3.1871	6.6708
TRAESCS3B01G277200	2.6004	3.2273	3.7225	1.9208	5.8404	18.1891
TRAESCS3B01G277900	0.8846	0.3024	0.8442	0.5633	3.4804	11.2334
TRAESCS3B01G298700	0.5093	0.9878	3.5087	0.6178	1.7546	3.7685
TRAESCS3B01G305700	4.436	4.3846	5.8813	3.6909	6.2909	10.0747
TRAESCS3B01G310000	0.1818	0.3269	1.0392	0.4723	3.3653	17.4598
TRAESCS3B01G310900	1.9373	1.8146	4.3029	1.4961	6.062	23.7558
TRAESCS3B01G311000	0.1972	0.2768	0.6032	0.2377	1.1844	5.3122
TRAESCS3B01G313500	0.2229	0.3904	0.47	0.2336	1.1563	5.1382
TRAESCS3B01G325800	0.4284	0.424	1.8034	0.3716	1.9349	16.9832
TRAESCS3B01G331100	22.5983	22.6433	28.2991	18.4302	35.1485	70.2713
TRAESCS3B01G334500	27.8142	30.0288	45.2095	29.363	48.8483	73.1824
TRAESCS3B01G356500	0.2104	0.63	0.7768	0.4397	3.7022	15.4904
TRAESCS3B01G368200	1.695	1.8964	3.8802	1.1639	5.7705	18.215
TRAESCS3B01G368600	36.7754	35.678	52.5662	36.1381	78.4039	172.2253
TRAESCS3B01G373000	51.8502	69.2396	68.6733	62.2795	101.3113	306.64
TRAESCS3B01G375100	0.5633	0.7527	2.1256	0.1909	5.2037	47.5004
TRAESCS3B01G380600	0.4628	0.4364	0.2224	0.3523	1.9446	3.988
TRAESCS3B01G388100	6.1798	4.64	7.3132	5.5084	9.7751	23.2907
TRAESCS3B01G388700	0.2871	0.2221	0.1284	0.3548	2.1057	3.9804
TRAESCS3B01G390700	0.1063	0.0295	0.0848	0.2034	2.7351	8.9774
TRAESCS3B01G394600	0.721	0.9152	1.2018	0.7198	7.4184	17.5248
TRAESCS3B01G395400	7.7116	9.4503	16.1009	9.882	25.4988	128.1117
TRAESCS3B01G408900	2.673	3.9464	5.503	2.5593	6.8682	30.5492
TRAESCS3B01G411500	2.2506	2.467	2.8507	2.1386	3.5311	4.1834
TRAESCS3B01G411900	2.6254	2.8506	4.566	3.3821	5.8623	9.9449
TRAESCS3B01G418800	0.3598	0.4106	0.6772	0.3186	1.7667	6.7462
TRAESCS3B01G418900	1.5589	1.2346	1.0878	1.2536	3.0742	6.8546
TRAESCS3B01G423200	17.9334	30.4098	32.5723	23.1519	41.5815	78.9833
TRAESCS3B01G426900	0.7621	0.7919	1.2119	0.7319	1.8245	3.8432
TRAESCS3B01G439800	1.3673	1.0094	1.227	1.1169	4.4267	16.3507
TRAESCS3B01G441200	0.0666	0.1593	0.1439	0.0754	1.3983	9.9659
TRAESCS3B01G442200	0.2016	0.6005	0.1237	0.2763	1.2849	4.8191
TRAESCS3B01G457100	28.4644	29.8722	32.51	26.2503	39.1138	65.5276
TRAESCS3B01G473300	13.3658	15.6057	20.3304	13.7558	20.6059	29.2499
TRAESCS3B01G474200	5.1171	4.7179	6.409	6.0216	12.5705	46.6347
TRAESCS3B01G475900	0.5439	0.557	0.6532	0.6608	1.6498	4.5359
TRAESCS3B01G489000	2.1014	2.1271	5.5693	1.1095	6.0917	27.5591
TRAESCS3B01G496500	0.5058	1.3915	1.6796	0.8174	2.9434	10.4508
TRAESCS3B01G517900	0.8369	1.3129	2.3067	0.6666	1.9838	5.274
TRAESCS3B01G525800	5.4148	6.8805	7.4484	5.559	10.8726	13.7384
TRAESCS3B01G546200	10.7107	13.5509	17.4603	8.6856	21.6997	39.2375
TRAESCS3B01G550300	0.2721	0.6725	1.3753	0.1762	0.6393	1.5758
TRAESCS3B01G570900	6.3581	4.4826	5.8923	6.9626	12.9666	21.3479
TRAESCS3B01G575500	5.7382	5.9885	7.8549	5.442	17.7894	45.2005
TRAESCS3B01G590000	1.7948	2.1436	3.4574	2.4587	8.9853	28.593
TRAESCS3B01G597700	0.2157	0.3099	2.4653	0.2584	1.449	11.088
TRAESCS3B01G610800	2.5286	2.9784	3.2941	3.2267	8.9321	24.5512
TRAESCS3D01G013000	0.6658	0.8502	1.5872	0.601	3.0464	17.776
TRAESCS3D01G023000	0.2649	0.0863	0.4787	0.3313	1.8783	13.859
TRAESCS3D01G023200	0.1226	0.2526	0.7291	0.2226	1.7444	7.3578
TRAESCS3D01G026400	11.7988	14.4948	17.9213	10.7719	20.1101	56.7628
TRAESCS3D01G037000	0.2536	0.2067	0.2915	0.2319	4.3295	22.5685
TRAESCS3D01G037200	1.7677	1.5802	2.3501	1.729	4.3004	8.6623
TRAESCS3D01G056300	2.7382	4.8216	7.5555	3.3185	7.4107	15.1645
TRAESCS3D01G060100	1.4436	1.8315	3.1292	1.6399	5.6913	21.8339
TRAESCS3D01G077500	8.887	33.2699	54.0065	7.9472	34.1399	71.2782
TRAESCS3D01G097900	0.1131	0.4659	0.4289	0.1707	2.6583	5.4985
TRAESCS3D01G111100	0.2249	0.736	1.0816	0.2576	1.8006	7.7781
TRAESCS3D01G113600	1.4258	2.1415	3.7274	1.6003	7.231	41.1154
TRAESCS3D01G121600	0.4636	0.3004	0.4257	0.4643	1.6393	7.008
TRAESCS3D01G124300	11.2711	10.1308	14.3036	10.1513	23.1206	70.558
TRAESCS3D01G124700	0.206	0.6728	1.8499	0.2795	0.7949	1.6584
TRAESCS3D01G126500	1.2719	2.978	7.1474	0.8965	4.4296	12.7506
TRAESCS3D01G150400	2.5809	2.6186	3.7461	2.2909	4.191	6.2326
TRAESCS3D01G166200	1.484	1.2883	1.7049	1.7549	3.0371	6.8956
TRAESCS3D01G168500	2.8829	3.2503	4.8482	3.05	4.9772	10.0075
TRAESCS3D01G181900	2.9812	3.3895	3.4899	3.1006	5.5643	8.7968
TRAESCS3D01G186000	6.836	11.2563	17.24	5.5327	10.3262	25.2612
TRAESCS3D01G188900	0.9797	0.9101	1.3259	0.9953	2.8299	5.9946
TRAESCS3D01G192800	6.6892	7.2498	8.0363	7.9091	16.2632	34.2594
TRAESCS3D01G193300	3.3609	3.4349	3.4749	2.8302	6.0366	14.8078
TRAESCS3D01G195700	2.3036	1.655	2.6158	2.8962	6.8639	40.3565
TRAESCS3D01G198600	21.6671	25.088	38.297	21.637	48.9767	156.062
TRAESCS3D01G207700	13.5826	12.411	14.441	12.473	19.4822	30.7147
TRAESCS3D01G211400	2.1974	2.891	4.3235	2.1156	3.7365	7.3772
TRAESCS3D01G219600	2.1935	1.1729	2.5481	2.5659	7.8281	45.2479
TRAESCS3D01G230600	6.6958	3.9442	3.3413	5.3978	18.6908	45.4352
TRAESCS3D01G231000	1.3061	1.2331	1.4933	2.3583	8.3294	50.7069
TRAESCS3D01G236200	6.5282	6.224	7.2321	7.5019	13.4439	29.4499
TRAESCS3D01G246500	0.6453	0.399	0.4272	0.885	1.8426	5.3285
TRAESCS3D01G266400	3.3876	5.4031	5.9047	2.5264	5.6086	13.6472
TRAESCS3D01G267100	0.7613	0.6583	0.7903	1.0554	2.2307	5.883
TRAESCS3D01G275800	0.1053	0.0787	0.1542	0.1638	1.1016	5.4785
TRAESCS3D01G276200	0.4177	0.089	0.5766	0.545	5.6138	30.1027
TRAESCS3D01G276900	0.935	0.8557	3.3963	0.5829	3.9983	12.4783
TRAESCS3D01G278000	0.5799	1.0585	1.087	0.4205	1.6434	3.9359
TRAESCS3D01G279900	0.1682	0.1988	0.2421	0.1251	0.7116	2.5101
TRAESCS3D01G289300	1.1972	1.1955	1.3285	1.4802	2.772	5.3769
TRAESCS3D01G294200	1.4595	1.4003	1.8481	0.9653	4.903	18.7184
TRAESCS3D01G299900	19.8117	13.3445	26.9865	18.7298	33.6763	78.4514
TRAESCS3D01G312000	0.8942	0.6326	0.9781	1.2985	4.6732	28.0394
TRAESCS3D01G321200	1.8229	1.0916	2.8385	1.7941	4.8108	13.3585
TRAESCS3D01G330200	0.4923	1.4102	3.5668	0.7273	3.7248	15.8334
TRAESCS3D01G334500	40.4392	57.6277	60.3434	47.4422	98.9428	257.7753
TRAESCS3D01G339600	0.1897	0.2567	0.2899	0.2996	1.2805	4.0698
TRAESCS3D01G349200	5.6253	5.3175	7.447	5.5017	10.6187	18.9623
TRAESCS3D01G349800	0.2266	0.0898	0.3526	0.4008	2.4891	5.1981
TRAESCS3D01G351000	0.1184	0.5366	1.0567	0.2237	3.544	10.4932
TRAESCS3D01G351600	19.5865	31.6228	36.6879	18.3264	30.3111	55.438
TRAESCS3D01G356400	1.0418	1.2763	1.3997	0.8353	2.0797	5.932
TRAESCS3D01G356700	13.0068	19.2303	22.2953	13.3124	43.6786	419.0767
TRAESCS3D01G359100	0.1958	0.0611	0.3991	0.4036	2.9761	9.1737
TRAESCS3D01G369200	1.8297	1.1999	2.0168	1.1918	8.3225	26.1358
TRAESCS3D01G376500	2.1402	1.1433	1.2484	1.9878	3.6121	10.4229
TRAESCS3D01G379700	0.0377	1.0298	2.8959	0.176	1.1828	3.9573
TRAESCS3D01G379800	0.6414	0.371	0.5881	0.2988	2.5743	9.363
TRAESCS3D01G383700	9.5363	14.8255	19.0809	12.5195	30.5504	96.7961
TRAESCS3D01G384000	17.8354	21.2711	24.6254	20.1194	41.5583	84.8965
TRAESCS3D01G384100	18.916	24.9852	24.2146	19.7427	31.1388	89.7024
TRAESCS3D01G388700	0.3847	1.4519	1.3903	0.7782	1.6613	3.5307
TRAESCS3D01G394200	3.4835	2.8863	6.7567	3.7088	15.518	83.9119
TRAESCS3D01G394400	0.3256	0.2904	0.3001	0.2857	0.9646	2.7872
TRAESCS3D01G401300	0.7205	0.3782	1.0922	0.4796	2.2822	11.2018
TRAESCS3D01G402300	0.4063	0.1622	0.4169	0.1062	3.204	23.345
TRAESCS3D01G407300	1.6259	1.3629	1.4373	1.847	3.0693	6.2404
TRAESCS3D01G417500	1.3746	1.1738	2.3067	1.0202	24.7854	136.7803
TRAESCS3D01G432900	4.3557	3.7987	5.6548	3.4151	10.7362	35.4276
TRAESCS3D01G439100	4.3303	5.0861	11.5753	4.6472	14.2052	35.2439
TRAESCS3D01G483200	0.7741	2.828	7.4615	0.9083	4.6945	15.7791
TRAESCS3D01G492600	8.9322	13.9209	18.3292	6.8556	17.5059	31.8677
TRAESCS3D01G503200	0.7534	1.0762	2.426	1.0628	2.8231	9.3485
TRAESCS3D01G528600	1.4632	1.5916	3.3804	1.0757	5.8742	21.8961
TRAESCS3D01G529500	51.3871	51.2396	69.8346	62.3448	120.4525	220.5363
TRAESCS4A01G013500	12.5824	13.9737	16.8497	11.7277	16.9113	29.5708
TRAESCS4A01G017400	0.3196	0.4622	1.9653	0.2824	1.9247	9.5522
TRAESCS4A01G022000	8.6518	8.9624	9.9546	8.965	11.3449	15.85
TRAESCS4A01G028600	0.1879	0.4484	0.262	0.4103	5.2137	26.5387
TRAESCS4A01G032100	1.5302	1.3832	3.6532	2.109	7.1129	22.8786
TRAESCS4A01G035500	36.4526	37.0083	41.8312	35.289	52.2932	108.2767
TRAESCS4A01G035700	20.1734	18.1815	18.3027	18.4785	49.2527	196.1683
TRAESCS4A01G038500	29.3408	76.4248	130.94	28.0736	68.2335	190.3557
TRAESCS4A01G044600	10.4351	11.7272	14.3135	9.5111	14.8605	25.7717
TRAESCS4A01G050800	0.3061	0.367	0.2939	0.3879	1.9461	5.6908
TRAESCS4A01G055000	1.8749	0.9067	1.5675	1.5838	3.5094	7.022
TRAESCS4A01G057200	2.0577	2.0147	2.7652	2.0652	3.1723	4.5384
TRAESCS4A01G059200	2.0516	4.0353	5.7745	2.0369	4.3754	8.0472
TRAESCS4A01G065700	8.1185	8.9898	11.1712	9.8106	21.3569	57.6789
TRAESCS4A01G067400	2.2263	1.8615	2.4038	2.1746	4.2955	9.5369
TRAESCS4A01G071300	21.9289	22.9694	21.6038	22.8079	31.4542	41.6788
TRAESCS4A01G071500	0.1057	0.1961	0.4777	0.1945	0.7324	1.9834
TRAESCS4A01G077600	13.5853	11.4936	15.4264	11.4717	18.7929	31.7615
TRAESCS4A01G078000	0.5108	0.8188	0.2078	0.5026	1.7199	9.3864
TRAESCS4A01G085700	2.7488	2.613	3.4034	2.6006	5.0746	8.6829
TRAESCS4A01G086500	1.0762	0.9207	1.8454	1.315	2.322	3.7769
TRAESCS4A01G090600	9.1043	10.3783	12.9826	9.2185	22.0539	76.9698
TRAESCS4A01G092100	0.6054	1.0713	0.2839	0.544	7.4629	30.2565
TRAESCS4A01G092900	1.43	1.1614	1.3996	1.1572	7.9289	16.5433
TRAESCS4A01G099100	6.7377	7.6288	14.9655	8.1363	17.8693	46.2786
TRAESCS4A01G103800	0.722	0.588	2.2536	0.515	8.9883	45.4615
TRAESCS4A01G106700	3.8576	4.9804	6.209	4.4401	10.2266	24.849
TRAESCS4A01G106900	0.2075	0.1729	0.3187	0.1828	1.4171	4.2278
TRAESCS4A01G107400	0.2097	0.1077	0.3007	0.126	1.2736	7.4459
TRAESCS4A01G110600	0.9585	1.4292	1.1933	1.2316	3.345	6.3668
TRAESCS4A01G110900	2.871	0.9995	2.4059	3.284	10.0097	36.8
TRAESCS4A01G119200	0.8241	0.3779	0.8143	0.9794	5.4477	33.6714
TRAESCS4A01G123100	1.3837	4.5499	18.7653	0.873	4.7385	12.9613
TRAESCS4A01G127500	2.6064	2.8937	3.554	2.9627	4.9333	7.9908
TRAESCS4A01G140000	3.3815	2.9571	5.2328	2.4106	10.2744	28.5055
TRAESCS4A01G166900	19.2168	16.6721	30.4677	21.6311	61.3368	154.0863
TRAESCS4A01G193900	0.7661	0.5539	0.5465	0.3083	3.6456	17.0487
TRAESCS4A01G202100	0.0441	0	0.0454	0.1804	1.2149	3.1781
TRAESCS4A01G203300	3.8116	3.7351	3.9756	3.5694	6.5681	11.8994
TRAESCS4A01G219500	0.1787	0.0494	0.3834	0.1792	1.5841	8.0895
TRAESCS4A01G225400	0.8006	0.494	1.3657	0.8391	1.7098	3.7123
TRAESCS4A01G239800	2.1674	2.5822	2.4106	1.9791	7.5922	19.0724
TRAESCS4A01G252800	19.9711	14.1687	15.2266	17.2769	55.5231	176.2643
TRAESCS4A01G264500	2.139	35.316	109.6707	1.9322	6.1515	22.4825
TRAESCS4A01G266400	13.9258	16.412	16.7436	15.3262	20.1383	28.8581
TRAESCS4A01G266900	0.0687	0.2119	0.115	0.0717	1.5504	15.0441
TRAESCS4A01G268700	125.8823	129.269	135.1903	127.1327	164.6523	201.4983
TRAESCS4A01G283900	1.032	0.4697	1.3781	0.9438	4.0953	33.7549
TRAESCS4A01G291600	1.2437	2.2234	3.1348	1.1973	2.7108	6.1493
TRAESCS4A01G315500	10.6668	10.5919	16.3141	10.1044	19.5998	38.6739
TRAESCS4A01G319600	3.5262	5.9645	6.5471	5.064	12.3401	26.1877
TRAESCS4A01G321600	0.0819	0.5084	2.3612	0.0393	2.2182	20.3382
TRAESCS4A01G341100	0.3397	0.6077	1.7114	0.6481	4.4546	20.1636
TRAESCS4A01G343300	8.8831	9.3817	11.4135	7.2775	30.6436	62.3886
TRAESCS4A01G356400	4.7126	5.27	9.088	4.3009	8.491	17.4054
TRAESCS4A01G371600	3.0041	2.6619	3.4934	2.5548	6.1037	13.4233
TRAESCS4A01G411000	16.0572	24.9797	37.2537	15.1245	43.0468	89.0846
TRAESCS4A01G419400	0.4388	2.8669	7.5574	1.1657	5.8616	26.6977
TRAESCS4A01G455900	4.2946	6.2243	7.4093	4.5002	7.624	20.4681
TRAESCS4A01G460000	7.756	8.4005	6.4571	7.1679	14.894	33.5808
TRAESCS4A01G485900	0.6711	1.752	6.3951	0.271	7.9588	90.1031
TRAESCS4A01G486000	0.1267	0.0776	1.365	0.1127	6.307	58.8405
TRAESCS4A01G494700	1.7869	1.4578	1.7537	1.749	3.1725	7.0038
TRAESCS4B01G014700	1.4972	1.8652	5.5262	1.6671	6.7437	43.2699
TRAESCS4B01G028800	64.9095	77.6234	73.3286	67.6008	102.0301	173.4927
TRAESCS4B01G029600	0.5696	0.1157	1.1819	1.0258	5.0333	18.2751
TRAESCS4B01G037700	0.5699	0.2304	0.4968	0.4392	3.0855	13.3515
TRAESCS4B01G037800	0.5572	0.4124	0.4416	0.5212	2.2077	6.6799
TRAESCS4B01G037900	0.3575	0.2481	0.5928	0.7542	8.2878	37.0975
TRAESCS4B01G047900	11.5116	12.9933	14.4257	13.0589	17.5749	26.4497
TRAESCS4B01G050500	2.3399	38.9572	138.3793	2.2074	14.3284	85.9153
TRAESCS4B01G062400	10.7281	8.6694	10.3765	9.6307	21.2759	45.241
TRAESCS4B01G071500	0.333	0.3101	0.7204	0.2769	7.0464	21.8544
TRAESCS4B01G100800	1.0534	2.7367	2.7899	1.0669	8.6511	25.3045
TRAESCS4B01G108900	0.1547	0.2891	0.5623	0.1739	0.7252	2.1122
TRAESCS4B01G121300	0.2813	0.1302	0.0897	0.1478	2.2381	12.8001
TRAESCS4B01G125100	1.3971	1.0782	1.197	1.2139	2.3953	4.2714
TRAESCS4B01G131500	1.0588	8.0934	18.2073	0.9775	4.6233	32.3612
TRAESCS4B01G137300	0.2933	1.1506	1.2611	0.5968	1.6621	6.4696
TRAESCS4B01G137900	0.2413	0.0538	0.3702	0.1659	0.8532	2.7493
TRAESCS4B01G144900	22.287	18.5225	35.2716	23.3624	68.2381	181.3513
TRAESCS4B01G167500	0.9353	1.9591	3.2394	0.7784	5.8312	13.7844
TRAESCS4B01G167600	4.0213	4.3358	3.8221	3.5977	7.6381	12.5441
TRAESCS4B01G170000	11.3383	11.9428	13.6766	10.3035	20.6628	41.5017
TRAESCS4B01G178600	6.8122	6.0741	7.2524	5.5395	10.494	22.0132
TRAESCS4B01G191400	21.1101	29.2571	41.0513	22.2409	32.9029	56.4193
TRAESCS4B01G204900	6.3797	6.2462	7.2562	7.4068	11.2395	17.1633
TRAESCS4B01G205700	0.2699	0.3483	1.1489	0.703	3.3778	11.3988
TRAESCS4B01G206200	1.5224	1.3611	2.1252	1.3796	3.3778	5.8913
TRAESCS4B01G207800	21.3543	21.5184	23.9638	19.5815	34.722	62.2214
TRAESCS4B01G210300	3.4825	2.5733	2.7749	3.4594	9.8415	36.0401
TRAESCS4B01G212200	0.5499	0.7249	0.5023	0.9553	17.4069	72.4902
TRAESCS4B01G212300	0.1415	0	0	0.2258	5.9522	33.245
TRAESCS4B01G214000	11.0415	13.698	13.7207	10.1133	18.4041	35.7751
TRAESCS4B01G223400	4.0199	2.8984	2.5607	4.0076	16.6701	69.5073
TRAESCS4B01G227100	6.0283	4.5597	5.1012	5.3077	9.1203	13.3258
TRAESCS4B01G237600	0.0494	0.0881	0.4469	0.0993	3.0342	27.1763
TRAESCS4B01G241500	0.398	0.3636	1.7524	0.4002	2.147	14.2732
TRAESCS4B01G243100	7.8046	7.7048	10.0456	10.5296	24.3794	49.1515
TRAESCS4B01G248500	0.9941	0.4255	1.0589	0.8376	2.7647	5.4794
TRAESCS4B01G253300	5.9906	5.058	6.4345	5.3169	10.9079	17.5092
TRAESCS4B01G265100	0.8443	0.3512	1.6169	1.2126	3.9732	18.0326
TRAESCS4B01G268400	16.5359	16.9616	19.048	16.7799	38.212	113.3783
TRAESCS4B01G272000	1.1928	0.4453	1.3521	1.0511	3.2307	9.5543
TRAESCS4B01G304300	0.6383	1.6378	5.3619	0.6375	3.3715	10.6904
TRAESCS4B01G307700	2.0738	2.0436	2.3264	2.2085	5.2415	28.527
TRAESCS4B01G324400	7.747	7.8143	9.8928	7.969	15.0672	32.0616
TRAESCS4B01G325900	8.37	10.1503	10.8555	7.9021	13.1752	18.151
TRAESCS4B01G335100	45.4056	41.9147	43.5042	45.2005	59.4617	97.8091
TRAESCS4B01G343800	1.8595	0.7474	1.6241	1.1252	4.4097	22.4244
TRAESCS4B01G346900	0.432	0.0712	0.5151	0.44	9.9774	79.7303
TRAESCS4B01G356900	1.5789	0.8929	2.2988	0.9972	5.2418	23.2991
TRAESCS4D01G012900	1.7024	1.2704	4.6024	1.4928	4.8223	29.4884
TRAESCS4D01G014300	0.9921	2.0089	5.3314	0.2796	11.8672	68.0521
TRAESCS4D01G020200	1.4534	2.2355	4.3995	1.4296	3.7689	10.8736
TRAESCS4D01G021000	0.553	0.5741	2.2982	0.4171	2.474	21.3506
TRAESCS4D01G026900	1.4997	1.594	1.5845	1.456	2.888	6.6202
TRAESCS4D01G035100	0.9124	0.7091	0.7329	1.06	2.5537	4.8397
TRAESCS4D01G035200	0.2102	0.1804	1.1824	0.3294	2.1559	6.2784
TRAESCS4D01G035700	0.3489	0.4634	0.6362	0.1456	1.7222	3.8005
TRAESCS4D01G050600	0.253	0.3234	1.0394	0.3052	1.6861	10.1944
TRAESCS4D01G050700	2.3467	33.9121	153.895	1.3595	14.0881	68.9893
TRAESCS4D01G055700	0.2941	1.8143	4.6644	0.375	1.6835	6.1016
TRAESCS4D01G061400	29.7644	18.342	24.064	25.3009	59.6171	173.5063
TRAESCS4D01G082100	1.5431	1.1607	1.5989	1.3138	3.2678	7.943
TRAESCS4D01G084600	0.5076	0.5042	0.4823	0.5049	1.9014	5.7684
TRAESCS4D01G087900	0.46	0.3499	0.3705	0.4713	1.2165	2.3922
TRAESCS4D01G090300	1.6305	1.0545	1.9743	1.4764	4.5543	16.4078
TRAESCS4D01G094000	2.8505	2.678	3.9252	2.5966	4.3705	8.1991
TRAESCS4D01G097400	0.9322	1.6107	2.4578	1.3956	9.2076	31.8493
TRAESCS4D01G098400	16.755	14.1441	20.7443	17.6425	73.1123	268.7593
TRAESCS4D01G104900	8.1663	8.2038	9.3275	8.696	14.0816	34.0352
TRAESCS4D01G106000	0.1267	0.2281	0.4328	0.2279	0.6658	1.566
TRAESCS4D01G119400	0.3969	0.3146	0.3617	0.3649	3.8096	18.4025
TRAESCS4D01G121800	0.0625	0.4711	0.8524	0.2256	1.3898	6.626
TRAESCS4D01G127100	0.1288	0	0.3451	0.1267	1.6318	4.7839
TRAESCS4D01G128700	3.7463	3.9478	4.786	3.3583	5.3067	10.0757
TRAESCS4D01G131600	3.4027	3.3795	4.3537	3.0288	4.7869	8.1006
TRAESCS4D01G147500	0.2824	0.3634	0.415	0.207	0.7913	2.5114
TRAESCS4D01G151100	0.3293	0.2661	0.1706	0.3868	0.8092	1.9009
TRAESCS4D01G151200	11.9257	14.6303	18.6956	11.4456	19.7821	35.3105
TRAESCS4D01G151900	16.5043	16.0699	29.4095	20.683	58.7477	165.593
TRAESCS4D01G169800	1.4644	5.0698	6.2819	1.3541	6.8161	16.6951
TRAESCS4D01G174600	0.8283	0.7177	1.1229	0.7191	1.797	4.5247
TRAESCS4D01G175700	0.4006	0.6127	1.6061	0.3728	2.2885	5.048
TRAESCS4D01G179800	11.1253	9.3225	13.3796	9.799	19.8882	33.4254
TRAESCS4D01G181800	0.4174	0.3767	0.1189	0.4876	2.8663	5.904
TRAESCS4D01G194200	1.9716	1.5582	3.8415	2.7934	9.9128	43.1184
TRAESCS4D01G200200	5.2412	6.7714	6.7852	5.5732	9.7664	17.2789
TRAESCS4D01G206000	8.9755	9.6376	10.9405	8.6978	15.0327	30.3728
TRAESCS4D01G206100	7.2506	8.2147	18.5383	8.1509	19.3939	41.8171
TRAESCS4D01G210900	0.2398	0.8471	0.3903	0.3951	1.9831	5.5164
TRAESCS4D01G212300	0.0953	0	0	0.1595	1.6946	8.5217
TRAESCS4D01G213300	0.2845	0.1953	0.3564	0.6033	6.1087	16.8436
TRAESCS4D01G214100	7.4541	15.4807	25.6219	7.3059	27.2536	55.0169
TRAESCS4D01G214700	9.1009	11.9081	11.2769	8.9481	18.3686	47.9546
TRAESCS4D01G222300	2.9259	3.0052	2.838	2.4327	4.926	9.7878
TRAESCS4D01G227700	0.0841	0.0395	0.1631	0.0569	1.1482	2.4824
TRAESCS4D01G229100	0.1025	0.3526	0.6888	0.0733	0.6659	1.6399
TRAESCS4D01G232300	9.0029	10.0277	13.434	9.9084	17.1737	33.7849
TRAESCS4D01G235200	0.4553	0.4104	0.1091	0.1825	2.1873	15.57
TRAESCS4D01G236000	1.4712	4.4013	5.3525	1.4019	4.7215	11.4125
TRAESCS4D01G238800	0.5763	0.1592	0.9162	0.4327	2.3267	8.424
TRAESCS4D01G239700	2.4042	3.8176	5.9472	2.0787	6.8238	18.6444
TRAESCS4D01G248100	14.331	15.3957	17.8737	13.7195	20.1918	30.6668
TRAESCS4D01G267600	35.6818	37.8022	42.9794	34.6605	56.3648	122.764
TRAESCS4D01G267800	18.968	17.1664	19.9114	18.4633	42.2778	155.511
TRAESCS4D01G270000	0.3869	0.166	1.1407	0.5951	1.8448	8.4683
TRAESCS4D01G290900	0.1407	0.1557	0.3735	0.2519	1.1103	4.399
TRAESCS4D01G291600	1.1455	1.208	1.4184	1.2172	2.4435	6.3175
TRAESCS4D01G315200	4.528	2.7719	3.9108	4.0606	7.2655	17.6862
TRAESCS4D01G339000	1.9988	0.9499	1.3059	1.8065	8.4168	34.2042
TRAESCS4D01G341600	44.2916	44.3394	72.5568	36.6412	62.6085	127.9413
TRAESCS4D01G341800	0.3288	0.3825	0.7362	0.8891	15.2732	80.7134
TRAESCS5A01G014400	49.5822	42.2218	55.5105	48.922	98.0189	216.494
TRAESCS5A01G015900	4.6067	5.2816	6.0466	4.8581	9.0037	15.1191
TRAESCS5A01G053700	1.0189	0.9278	1.3473	0.9522	4.27	7.9833
TRAESCS5A01G059600	2.5189	2.8528	4.1692	1.7781	7.4521	27.6901
TRAESCS5A01G067500	12.2921	12.2784	12.459	10.9486	17.5035	23.5906
TRAESCS5A01G069000	1.8932	1.8261	2.5769	1.8216	5.2864	9.9504
TRAESCS5A01G069600	12.2042	21.5662	22.6818	10.8697	21.8024	38.8926
TRAESCS5A01G076300	2.7082	2.7731	3.5223	2.4563	3.6009	6.4632
TRAESCS5A01G084700	24.4649	18.6484	26.7354	20.9285	39.0896	71.9558
TRAESCS5A01G089200	15.6574	17.8336	27.4948	18.2237	28.4748	45.5889
TRAESCS5A01G089500	8.4492	8.0302	13.2242	7.9442	16.1296	28.2283
TRAESCS5A01G099100	4.0639	3.9177	4.668	4.3582	6.1296	10.815
TRAESCS5A01G100300	6.9249	5.5885	6.0272	7.2253	10.8862	19.9709
TRAESCS5A01G138900	11.9894	8.7687	10.3388	13.3437	24.4357	52.9233
TRAESCS5A01G142000	1.0474	2.0013	6.0204	0.5178	3.4702	13.6216
TRAESCS5A01G153900	0.4207	0.1482	0.2523	0.4784	1.9052	4.5043
TRAESCS5A01G159600	1.2791	1.8931	3.1144	1.8124	5.453	12.912
TRAESCS5A01G169600	19.5631	20.3053	23.5681	15.5269	29.6293	49.5924
TRAESCS5A01G181800	19.177	20.1062	24.4044	23.2853	93.6054	453.361
TRAESCS5A01G189200	9.2113	8.1768	8.6683	8.8875	13.262	23.9489
TRAESCS5A01G206600	0.4135	0.5879	1.5229	0.9474	4.6284	12.5246
TRAESCS5A01G212800	0.0836	0.0539	0.1105	0.1583	3.2072	15.9722
TRAESCS5A01G213600	5.5889	3.8227	6.1103	3.3644	64.1414	481.2737
TRAESCS5A01G226900	3.0722	2.2459	2.179	3.1056	5.6053	14.604
TRAESCS5A01G229700	2.0277	2.1756	3.9475	1.5772	5.5961	29.1856
TRAESCS5A01G234400	9.8503	7.8553	10.553	7.8962	26.3444	77.9887
TRAESCS5A01G235200	0.2724	0.5398	0.4501	0.0988	1.4658	4.4078
TRAESCS5A01G236700	3.1126	2.4821	4.5522	3.497	8.3094	31.4845
TRAESCS5A01G262500	0.2432	1.7812	4.8682	0.4972	17.3563	107.1145
TRAESCS5A01G268100	6.0559	13.7216	22.5716	5.0315	10.837	33.8982
TRAESCS5A01G279600	0.2437	0.11	0.4986	0.1364	0.8026	2.903
TRAESCS5A01G285400	13.8242	12.1315	17.3683	12.5023	19.6617	33.201
TRAESCS5A01G342900	0.278	0.2348	0.1474	0.6739	3.2596	17.1756
TRAESCS5A01G359800	15.2234	15.1858	19.0174	16.1624	30.6054	50.1597
TRAESCS5A01G374500	0.6888	0.5709	1.1615	1.0981	4.3386	17.3957
TRAESCS5A01G382400	4.8805	4.9821	5.1039	4.629	8.9254	17.985
TRAESCS5A01G394900	0.9152	0.7654	3.9267	0.7293	6.8661	38.9111
TRAESCS5A01G400100	5.7615	6.4727	8.7952	5.7427	8.7448	14.4351
TRAESCS5A01G403200	0.0315	0.083	0.2924	0.143	1.895	6.2974
TRAESCS5A01G407400	0.1517	0.1255	0.0485	0.1388	0.6143	1.4526
TRAESCS5A01G411200	37.5284	32.6063	40.6419	34.7898	47.7445	83.6165
TRAESCS5A01G426100	25.7688	29.9343	44.0779	26.4298	53.7892	95.64
TRAESCS5A01G433200	0.5969	1.3882	4.6571	0.8263	7.2731	62.8088
TRAESCS5A01G437300	0.2031	0.3158	0.8339	0.3766	1.453	8.2842
TRAESCS5A01G452700	0.1499	0.6713	1.5293	0.0525	1.0126	4.2512
TRAESCS5A01G467400	10.0793	14.0059	17.7567	13.6908	28.9754	78.1919
TRAESCS5A01G498800	0.2696	0.1458	0.1956	0.3464	1.3315	8.9183
TRAESCS5A01G505000	35.481	33.0723	32.6464	32.9696	45.6785	68.5465
TRAESCS5A01G515600	1.382	0.48	1.7759	1.694	10.064	52.1709
TRAESCS5A01G526300	1.2681	3.518	5.9728	0.6677	5.9038	44.575
TRAESCS5A01G527600	0.2868	0.1205	0.1108	0.1388	1.5093	8.4608
TRAESCS5A01G548000	1.0637	0.6449	0.5273	0.8204	3.3649	7.3536
TRAESCS5B01G003900	2.5798	1.5268	2.2042	2.5849	5.4144	12.6686
TRAESCS5B01G007000	0.1732	0	0.2507	0.0789	1.992	7.7917
TRAESCS5B01G012100	48.794	49.1055	56.6392	44.8567	71.9482	173.7443
TRAESCS5B01G012300	70.4986	73.0144	87.9626	67.9244	215.0317	618.2347
TRAESCS5B01G019600	2.7401	2.7177	2.8258	2.576	4.2729	7.8624
TRAESCS5B01G022800	48.2588	65.4802	87.6088	54.7098	94.3961	197.774
TRAESCS5B01G075900	11.5878	18.8081	16.5306	10.5046	16.1763	24.3148
TRAESCS5B01G088400	2.8466	2.2748	2.556	2.8314	3.5204	4.5828
TRAESCS5B01G090600	17.8378	16.6335	21.9119	16.9627	29.4837	62.5365
TRAESCS5B01G097200	0.454	0.1913	0.4076	0.4355	1.7169	6.1288
TRAESCS5B01G116100	18.1236	13.1999	12.935	24.1041	39.851	71.9045
TRAESCS5B01G121400	2.7359	1.8594	4.3148	3.2271	11.3782	28.5739
TRAESCS5B01G151300	8.5464	8.7248	10.0217	8.3085	14.5616	44.0054
TRAESCS5B01G152600	0.4627	0.1714	0.2305	0.4971	3.8658	15.581
TRAESCS5B01G162100	19.0578	61.2329	95.4388	20.4765	40.6877	90.0563
TRAESCS5B01G163400	1.9198	3.5018	2.3798	2.1852	4.2223	10.6577
TRAESCS5B01G171500	1.9082	1.4249	2.3919	1.4701	5.8853	12.5573
TRAESCS5B01G178200	3.5476	5.2349	6.3184	3.5327	6.361	11.8218
TRAESCS5B01G179800	27.3723	14.7229	15.9214	32.3717	82.7116	260.434
TRAESCS5B01G184700	1.574	1.9315	3.1193	1.6462	6.0812	28.073
TRAESCS5B01G204800	1.8578	2.1168	4.6783	2.336	8.9871	23.3869
TRAESCS5B01G207200	8.9804	8.1152	9.1612	8.7054	15.9248	24.4817
TRAESCS5B01G210100	8.0799	4.804	7.4057	5.3109	64.1	608.2067
TRAESCS5B01G216200	0.1712	0.0327	0.2272	0.2814	2.4264	21.9774
TRAESCS5B01G219600	0.5079	1.4834	2.1939	0.6761	1.725	3.7666
TRAESCS5B01G225500	2.5149	2.7082	3.4813	2.1733	4.0568	10.1737
TRAESCS5B01G232900	7.1845	6.3448	7.4562	5.3104	21.3198	72.4011
TRAESCS5B01G245100	0.4901	1.0785	2.8325	0.531	1.7461	5.445
TRAESCS5B01G249500	2.9431	3.1056	3.0092	2.8556	5.6286	11.7567
TRAESCS5B01G272600	2.5126	2.0386	5.7538	1.9662	5.4947	20.0741
TRAESCS5B01G286900	9.813	10.2925	12.4172	9.6115	18.2823	34.2051
TRAESCS5B01G302500	15.0947	12.0936	12.8467	15.7817	48.1945	452.563
TRAESCS5B01G314900	5.7426	6.8006	9.4078	4.7352	8.7636	15.0168
TRAESCS5B01G317000	18.9085	21.647	21.0782	19.2817	34.5078	73.3203
TRAESCS5B01G336100	0.3419	0.5284	1.0734	0.4916	1.26	5.1147
TRAESCS5B01G359400	5.7163	4.5553	7.2649	5.2484	11.5123	23.5982
TRAESCS5B01G366500	7.5999	10.5421	10.7154	7.1908	14.2627	22.0092
TRAESCS5B01G376900	6.6972	6.3113	8.1897	5.8466	20.769	85.1577
TRAESCS5B01G390500	6.9851	6.7059	9.483	7.1467	11.6349	16.8971
TRAESCS5B01G399800	1.3729	1.1279	6.1448	1.8428	23.4033	142.746
TRAESCS5B01G399900	0.1913	0.2073	0.3806	0.2659	1.3332	3.9063
TRAESCS5B01G404600	0.0992	0	0.0207	0.1814	2.4849	11.8319
TRAESCS5B01G416700	13.2624	12.5019	14.3739	12.6252	23.4915	41.7786
TRAESCS5B01G427800	0.1882	0.4253	0.7199	0.101	1.0878	3.3843
TRAESCS5B01G428000	24.9248	28.4381	39.6949	26.2642	64.4697	122.846
TRAESCS5B01G436300	0.4216	1.2604	2.7821	0.6461	2.7948	17.3847
TRAESCS5B01G436500	0.1476	0.3842	0.9646	0.2032	0.9325	4.433
TRAESCS5B01G474600	0.4182	1.3008	2.238	0.3409	2.4568	6.5191
TRAESCS5B01G476700	10.7636	14.9646	27.6229	10.7258	21.71	56.9219
TRAESCS5B01G479100	15.4542	16.5842	19.1347	15.3951	32.237	69.9562
TRAESCS5B01G479900	5.1513	8.6792	17.32	5.4117	14.1632	29.1356
TRAESCS5B01G495500	2.7518	2.7008	3.2634	2.1162	8.169	16.3342
TRAESCS5B01G515800	2.5142	2.5641	3.2578	2.4262	5.5494	11.9794
TRAESCS5B01G520200	0.102	0.042	0.3715	0.2365	1.4789	13.1525
TRAESCS5B01G528100	35.5853	53.7986	72.7979	32.8539	50.507	92.3628
TRAESCS5B01G531400	5.0095	5.6921	6.945	5.1657	15.4467	25.5222
TRAESCS5B01G549700	1.6677	1.657	1.6797	1.4283	3.1373	6.5233
TRAESCS5D01G000500	5.4525	3.9825	6.0158	6.3075	10.9651	19.298
TRAESCS5D01G019400	0.8143	1.2569	2.3374	1.3932	4.7307	17.1842
TRAESCS5D01G019700	18.0464	17.0978	18.0119	16.6601	26.9739	40.8214
TRAESCS5D01G019800	94.22	98.1481	98.4025	92.6753	165.6233	322.867
TRAESCS5D01G022000	5.0021	4.899	5.9634	4.8337	9.1235	21.3877
TRAESCS5D01G071100	2.0004	2.2848	3.6314	1.0246	5.0752	22.3113
TRAESCS5D01G082800	0.403	0.5729	0.4914	0.5819	2.2352	6.5793
TRAESCS5D01G093900	6.0505	6.6694	10.271	6.1822	11.4067	19.7004
TRAESCS5D01G097100	27.1795	22.411	29.3241	24.6702	39.7813	75.8079
TRAESCS5D01G101600	15.3744	16.5504	24.6794	16.1368	32.5809	57.0466
TRAESCS5D01G114300	1.7075	3.0395	5.5167	2.4224	4.7318	8.805
TRAESCS5D01G124100	0.7301	0.5874	0.6495	0.7009	1.5594	2.678
TRAESCS5D01G166400	1.1989	1.4723	1.6382	1.274	2.1663	3.3418
TRAESCS5D01G174400	7.2299	9.4902	21.7202	5.2459	19.236	56.5375
TRAESCS5D01G174500	5.0155	4.4949	4.9705	4.6467	7.9879	11.6766
TRAESCS5D01G179100	3.2796	4.3533	5.3885	3.2356	6.4586	10.7102
TRAESCS5D01G182500	4.4075	3.0956	5.811	3.7119	12.2202	58.8096
TRAESCS5D01G186200	16.4383	12.0505	14.1903	18.5789	83.3757	436.5613
TRAESCS5D01G186300	1.0395	1.4061	1.9546	1.2987	2.4749	6.2675
TRAESCS5D01G191500	2.446	2.6864	5.8178	2.4462	9.0654	32.2026
TRAESCS5D01G201200	0.0829	0.2792	0.4646	0.1184	0.5378	1.2
TRAESCS5D01G202900	0.6395	0.5028	1.6575	0.4772	2.2034	9.7257
TRAESCS5D01G212800	1.1289	0.9596	4.376	1.2949	9.2355	25.5513
TRAESCS5D01G218400	1.6334	1.002	1.4668	1.0574	39.9495	395.1707
TRAESCS5D01G218800	0.4998	0.6031	0.9461	0.4555	2.0868	6.7041
TRAESCS5D01G223700	2.9951	2.7318	3.6221	3.4441	8.0452	26.1072
TRAESCS5D01G225300	0.8875	0.2978	0.5122	0.3699	5.3463	33.3083
TRAESCS5D01G232600	0.7606	0.7266	1.047	1.1638	3.1842	7.9954
TRAESCS5D01G234300	3.2968	2.0253	3.0881	2.7028	6.61	15.9711
TRAESCS5D01G241200	7.1794	6.2989	8.071	4.5206	24.7017	76.6343
TRAESCS5D01G243700	0.5897	0.5037	2.3938	0.6115	2.298	9.02
TRAESCS5D01G253700	11.474	9.7791	9.7335	10.7238	18.82	58.4322
TRAESCS5D01G259300	2.2913	2.1372	2.3333	1.6999	4.4517	9.6285
TRAESCS5D01G276100	7.3506	12.0227	15.3562	6.3874	12.0501	28.0577
TRAESCS5D01G295300	12.1999	11.0022	13.363	11.7332	19.0662	32.8409
TRAESCS5D01G303500	4.4342	3.9734	4.3221	5.6013	14.7002	29.4453
TRAESCS5D01G307400	7.3919	6.5426	7.2501	6.8575	12.3752	30.3301
TRAESCS5D01G308800	1.5689	0.879	1.1207	1.0737	3.17	7.6987
TRAESCS5D01G312000	0.4469	0.5874	1.0031	0.8725	4.0416	9.4478
TRAESCS5D01G316700	3.4999	4.3007	3.6249	4.2154	6.7948	12.4401
TRAESCS5D01G320400	6.0784	6.9551	6.8437	5.7576	10.8854	17.0098
TRAESCS5D01G322800	2.4243	2.6204	3.0101	2.561	3.8429	6.6645
TRAESCS5D01G340200	0.7213	0.5971	0.7042	0.8856	1.953	3.3532
TRAESCS5D01G342000	0.0807	0	0	0.2235	8.3357	47.2668
TRAESCS5D01G347600	1.8373	1.7307	0.7922	2.0274	6.9666	32.1928
TRAESCS5D01G383500	0.0805	0.0926	0.288	0.0824	0.6141	1.1545
TRAESCS5D01G384100	1.5558	0.9766	1.1951	2.2766	5.478	17.6115
TRAESCS5D01G395500	9.0277	9.9856	10.4146	8.9101	12.7294	19.7048
TRAESCS5D01G400900	1.4667	8.0368	21.117	0.9557	5.4425	30.9237
TRAESCS5D01G403400	0.2452	0.2684	0.5979	0.4168	1.5068	4.8644
TRAESCS5D01G404300	0.8865	1.1172	4.328	0.9024	15.6416	94.9707
TRAESCS5D01G404400	0.3302	0.7103	1.4684	0.6206	2.4255	8.0178
TRAESCS5D01G404600	0.8995	1.0107	1.627	1.0369	3.8519	6.807
TRAESCS5D01G408500	1.766	2.737	5.7628	2.0459	3.6845	10.3532
TRAESCS5D01G409500	0.0725	0.0001	0.1142	0.2826	1.5671	9.125
TRAESCS5D01G411400	0.3062	0.8267	2.5703	0.3696	2.0832	9.4853
TRAESCS5D01G413200	0.3452	0.3313	0.4175	0.4186	3.1545	9.5414
TRAESCS5D01G420100	24.1939	24.7955	33.0593	22.9022	34.3891	69.4468
TRAESCS5D01G434100	31.8477	34.2445	49.8319	30.5219	74.1396	128.3567
TRAESCS5D01G444200	0.0761	0.0537	0.5727	0.1889	1.683	5.3595
TRAESCS5D01G450200	1.9085	1.0636	2.9751	1.8129	5.1065	10.6816
TRAESCS5D01G477700	1.0906	0.8703	0.9923	1.1656	14.0309	42.066
TRAESCS5D01G480200	12.7338	13.2108	23.778	14.0733	33.0302	85.8959
TRAESCS5D01G480600	6.1205	9.0549	19.7803	6.6334	12.4324	24.4
TRAESCS5D01G486500	1.0631	0.1731	1.0079	0.8948	2.7873	9.1926
TRAESCS5D01G496000	3.1828	3.3614	3.7166	3.6021	7.9465	16.239
TRAESCS5D01G498600	12.4488	12.6421	19.0976	10.6533	17.5387	31.525
TRAESCS5D01G516100	3.8801	6.2527	8.1286	6.1837	19.4922	64.2818
TRAESCS5D01G519400	0.0697	0	0.5668	0.1748	2.6225	8.887
TRAESCS5D01G529700	4.8959	5.8575	6.7564	6.5775	12.3206	25.5828
TRAESCS5D01G550700	6.0588	3.7494	7.9041	4.901	13.0953	32.322
TRAESCS5D01G560900	2.3665	1.1247	2.1925	2.1318	3.8597	8.8397
TRAESCS6A01G001500	0.203	0.7773	1.2808	0.6739	2.2152	5.4757
TRAESCS6A01G003300	10.7631	9.7446	12.8381	9.608	15.3629	20.9956
TRAESCS6A01G012100	0.982	0.1249	0.7178	0.3843	3.786	9.3984
TRAESCS6A01G042600	9.4051	9.5587	18.2311	8.331	30.6565	93.69
TRAESCS6A01G082900	0.1774	1.2472	4.6629	0.3518	1.3352	6.5441
TRAESCS6A01G101800	31.2554	33.5286	50.6938	27.1453	66.9201	161.5593
TRAESCS6A01G101900	10.2773	10.9628	13.7119	8.1061	19.8562	41.0384
TRAESCS6A01G109000	7.0281	7.622	8.1004	6.0359	13.274	25.8658
TRAESCS6A01G115900	4.989	5.7706	6.0333	5.47	7.072	9.5017
TRAESCS6A01G119100	17.9474	27.8089	35.2772	16.1936	28.3747	53.4549
TRAESCS6A01G119700	26.9242	49.7511	62.0315	26.15	49.7011	142.5807
TRAESCS6A01G121300	6.6577	4.2976	6.6071	5.2118	16.0893	115.3241
TRAESCS6A01G132400	0.3455	0.1173	0.3588	0.3713	1.6582	3.7123
TRAESCS6A01G136600	41.8257	59.5735	72.1154	45.4975	79.7757	163.6357
TRAESCS6A01G146400	0.5413	0.4881	0.6638	0.3979	2.2524	8.4562
TRAESCS6A01G149500	5.598	4.7004	4.7325	5.5581	8.7042	16.8082
TRAESCS6A01G153600	0.374	0.2699	0.4514	0.3482	1.1581	4.5284
TRAESCS6A01G154600	1.6954	3.3639	5.3423	1.3689	6.142	28.8459
TRAESCS6A01G155500	4.8545	4.1012	5.9261	3.7357	8.5418	23.3042
TRAESCS6A01G158300	61.2845	65.3562	77.4913	61.7309	82.4331	125.3033
TRAESCS6A01G169300	22.7944	34.0423	44.8375	28.2757	47.6501	81.2303
TRAESCS6A01G173700	2.3518	1.3368	5.9228	3.9297	20.6911	93.2889
TRAESCS6A01G177600	17.7239	20.9054	27.0474	15.2213	25.4037	44.096
TRAESCS6A01G177900	0.0933	0.3217	0.1867	0.0678	1.3677	6.5051
TRAESCS6A01G181500	0.0875	0.0735	0.7743	0.0633	1.4618	8.947
TRAESCS6A01G182000	0.7159	0.5191	1.2972	0.7409	2.6124	6.7744
TRAESCS6A01G182500	7.9389	9.1514	12.839	7.6755	14.2077	34.2399
TRAESCS6A01G195600	6.7261	7.3065	8.4491	6.4146	11.7605	25.0931
TRAESCS6A01G211400	11.1313	13.3371	16.2098	12.59	25.3625	52.0963
TRAESCS6A01G213700	72.0861	97.5933	119.2988	61.617	102.0545	179.596
TRAESCS6A01G215900	0.5165	0.3712	0.7587	0.3294	3.3272	8.9515
TRAESCS6A01G216100	0.1654	0.4531	1.115	0.6235	1.9559	7.951
TRAESCS6A01G218100	1.3588	2.305	3.0108	0.9698	2.4608	6.9833
TRAESCS6A01G225900	25.9372	24.1504	30.7139	23.1588	40.2273	82.5959
TRAESCS6A01G232200	0.389	0.3588	0.5616	0.2487	2.4247	10.892
TRAESCS6A01G234400	0.5082	0.6258	1.1054	0.3907	1.2733	3.6134
TRAESCS6A01G235100	0.0711	0.2721	0.0444	0.1468	0.7651	2.2224
TRAESCS6A01G242700	0.5493	0.8642	1.4736	0.5821	1.9547	5.113
TRAESCS6A01G247900	13.9769	33.9844	45.447	12.4875	35.3121	131.8647
TRAESCS6A01G248000	22.4637	50.5146	87.4122	16.336	78.5449	217.4893
TRAESCS6A01G267200	1.2872	1.339	1.8699	1.4712	2.9853	10.032
TRAESCS6A01G271300	0.7328	1.9637	2.9081	1.5454	4.8387	28.2477
TRAESCS6A01G282200	146.2823	139.506	167.756	164.1697	220.1473	338.6533
TRAESCS6A01G283600	0.5977	0.3248	0.9519	0.4979	1.8293	4.2449
TRAESCS6A01G285100	3.7973	3.9562	6.3928	4.5669	10.4278	21.968
TRAESCS6A01G298100	18.8747	14.8206	21.0604	24.1969	71.0631	297.818
TRAESCS6A01G298800	0.2703	0.4605	0.4892	0.1951	0.9777	2.8466
TRAESCS6A01G299200	4.8003	3.7702	6.0352	4.9726	26.3007	79.1574
TRAESCS6A01G300400	3.8619	3.8751	5.4155	2.5987	7.9614	19.756
TRAESCS6A01G305400	5.4027	5.1697	6.0829	4.7919	9.3342	17.5652
TRAESCS6A01G306000	1.9984	2.0498	2.1468	1.8963	6.1389	40.8626
TRAESCS6A01G334000	9.038	7.8078	12.9778	9.4115	21.5597	51.211
TRAESCS6A01G334800	2.9605	1.2957	3.0935	3.113	35.5421	158.5787
TRAESCS6A01G337100	7.8867	10.8029	27.0153	7.9244	27.6947	92.7506
TRAESCS6A01G343300	3.4658	3.3071	4.921	3.3329	6.0258	9.6057
TRAESCS6A01G344000	5.3145	1.4076	2.2938	3.1857	50.1988	425.8407
TRAESCS6A01G348200	0.4754	0.4742	1.1765	0.4294	0.8492	1.9916
TRAESCS6A01G348400	0.358	0.2059	0.0672	0.1961	4.6407	13.1405
TRAESCS6A01G361000	0.5256	1.1173	2.06	1.0078	3.5332	14.9592
TRAESCS6A01G375400	5.3624	4.1097	6.1431	5.7871	10.8279	24.945
TRAESCS6A01G420100	9.6771	8.3543	10.7961	9.2419	13.5992	19.6675
TRAESCS6B01G000300	4.424	4.4752	5.9579	4.1749	6.636	9.1455
TRAESCS6B01G041200	0.5219	0.2912	1.1977	0.5104	1.3852	2.4263
TRAESCS6B01G050700	2.0875	1.3893	2.3448	1.4943	5.3145	14.4775
TRAESCS6B01G056900	0.1943	0.4382	0.8639	0.3443	2.1124	10.236
TRAESCS6B01G058300	7.4886	7.407	13.2865	7.4143	25.5114	72.8636
TRAESCS6B01G069800	3.3419	3.7116	3.3801	3.2319	5.1746	10.2598
TRAESCS6B01G073600	26.2419	26.5648	33.396	24.222	47.891	71.3836
TRAESCS6B01G080700	8.4921	5.3763	6.1547	8.4218	23.8827	68.6393
TRAESCS6B01G126000	13.275	14.0309	17.7455	14.1457	24.3175	51.0107
TRAESCS6B01G130100	14.2117	16.6007	18.7524	11.4751	29.3377	58.9056
TRAESCS6B01G130500	2.2293	1.742	2.7791	1.8755	5.153	17.7489
TRAESCS6B01G137600	4.176	4.7376	5.6185	4.671	8.9859	16.9548
TRAESCS6B01G139000	2.7126	3.1048	3.4812	1.9718	5.827	18.4105
TRAESCS6B01G141300	0.4431	0.2141	0.1979	0.481	0.8806	1.3486
TRAESCS6B01G143000	0.4015	0.5717	1.205	0.4354	3.7949	18.3144
TRAESCS6B01G144000	22.0124	18.9031	25.5865	22.8497	33.8448	53.6579
TRAESCS6B01G147200	21.433	30.6118	46.7058	19.6781	43.2076	93.1406
TRAESCS6B01G163200	0.6877	1.0658	1.9143	0.6704	1.8802	7.2792
TRAESCS6B01G169000	1.1285	0.9397	1.0257	1.0485	2.0547	4.6063
TRAESCS6B01G169300	10.2301	9.2389	14.5433	8.0092	23.1389	57.3321
TRAESCS6B01G174500	0.2538	0.4734	0.6778	0.3628	1.7408	5.456
TRAESCS6B01G182500	0.7347	1.9472	4.386	0.6803	6.8653	39.4642
TRAESCS6B01G188300	2.0059	7.9668	24.134	1.2786	5.12	22.734
TRAESCS6B01G191100	0.6097	0.6721	0.883	0.7361	1.6543	4.6669
TRAESCS6B01G192400	3.7003	2.9054	3.3817	4.1488	6.8998	14.6566
TRAESCS6B01G201600	0.4932	0.5242	3.6519	0.7272	19.4682	141.619
TRAESCS6B01G206500	6.8896	5.47	7.4647	6.8972	10.7206	17.3579
TRAESCS6B01G207000	1.3424	1.1708	2.0208	1.1523	3.6405	13.3585
TRAESCS6B01G213700	11.0394	14.3583	22.6647	10.3138	16.1176	28.4041
TRAESCS6B01G222900	2.447	3.146	2.8459	3.2256	5.9073	11.5884
TRAESCS6B01G243700	41.5922	60.8999	82.5194	38.1491	73.9521	162.8637
TRAESCS6B01G247000	0.8258	0.5236	0.4271	0.7339	3.4489	7.0976
TRAESCS6B01G249400	0.2594	0.214	0.5838	0.4014	1.4719	7.6658
TRAESCS6B01G251600	0.372	0.5424	0.5521	0.5532	3.0644	9.3797
TRAESCS6B01G253200	0.1943	0.2371	0.3668	0.278	0.8564	3.412
TRAESCS6B01G255800	15.3266	15.4367	19.0397	15.3659	22.1375	38.3887
TRAESCS6B01G260700	5.933	3.9085	8.0671	4.1686	16.8133	45.9077
TRAESCS6B01G263000	0.9815	2.5743	3.4051	0.7973	4.4795	15.6124
TRAESCS6B01G276700	20.2161	25.5139	36.8464	21.2826	49.7743	118.5487
TRAESCS6B01G291400	0.3341	0.2598	0.5803	0.2372	2.0789	8.6707
TRAESCS6B01G294000	12.2024	10.3073	12.5952	11.133	19.1308	41.396
TRAESCS6B01G298500	0.3552	0.8819	1.8908	0.3316	1.6762	5.812
TRAESCS6B01G304200	4.9002	4.604	6.0555	4.0149	8.5366	22.3971
TRAESCS6B01G305500	0.2426	0.1563	0.4168	0.3235	1.4587	6.7226
TRAESCS6B01G307200	1.935	1.1529	2.3673	1.4323	5.1525	16.6588
TRAESCS6B01G310600	94.1252	86.5691	107.2516	98.8598	140.649	227.4207
TRAESCS6B01G313500	1.7334	1.9167	2.1708	1.7674	4.1821	13.5009
TRAESCS6B01G322300	2.3951	1.306	1.6133	1.3808	6.1544	17.4974
TRAESCS6B01G327500	33.8417	25.8983	42.3082	28.5064	75.6682	317.6217
TRAESCS6B01G328700	14.9103	11.6893	12.7444	13.794	31.9408	92.7468
TRAESCS6B01G334300	3.0739	1.8682	4.6549	2.3945	11.4123	76.6309
TRAESCS6B01G337300	0.8376	0.961	1.7689	0.7727	2.6964	5.9218
TRAESCS6B01G344300	0.1259	0.0747	0.1763	0.115	0.5856	1.6144
TRAESCS6B01G351300	0.9233	0.819	0.9059	0.6458	2.3672	6.5775
TRAESCS6B01G361800	32.8525	35.3432	45.2413	37.4651	64.586	155.6447
TRAESCS6B01G365200	1.0321	0.3398	0.8365	0.8979	10.9926	55.5253
TRAESCS6B01G367800	5.6083	7.7499	16.0177	5.2361	17.795	44.9711
TRAESCS6B01G376200	4.6835	1.1537	1.8827	2.8825	46.62	639.2337
TRAESCS6B01G376500	18.1283	24.2928	28.214	18.514	34.0807	63.54
TRAESCS6B01G389200	30.5689	31.406	34.0169	32.6631	48.8117	73.7533
TRAESCS6B01G393800	0.5749	0.9406	2.1727	0.7457	3.0718	14.573
TRAESCS6B01G412300	0.568	0.9345	1.7869	0.8349	2.905	8.3962
TRAESCS6B01G431000	5.5033	4.7656	6.7798	5.6587	11.6871	31.7048
TRAESCS6D01G004200	4.0183	3.7761	4.5786	4.2323	6.505	11.0773
TRAESCS6D01G004300	0.4916	0.6512	1.5032	0.156	3.4138	11.6074
TRAESCS6D01G005600	12.7989	11.3311	14.8159	11.399	19.3152	31.6319
TRAESCS6D01G008400	0.8154	0	0	0.8917	4.9518	11.1598
TRAESCS6D01G009600	1.3692	0	0.6649	1.0154	3.4736	12.318
TRAESCS6D01G025000	0.5677	0.7528	1.1137	0.4879	1.2432	4.304
TRAESCS6D01G048400	0.6987	1.2967	2.181	1.2211	3.0281	8.5719
TRAESCS6D01G049100	22.6677	24.7486	44.088	22.4397	76.9203	210.0287
TRAESCS6D01G057800	3.5803	12.3046	21.6315	5.6079	21.6183	56.4696
TRAESCS6D01G064400	26.3115	23.2344	17.3431	25.9009	46.5051	82.4479
TRAESCS6D01G090200	37.9204	37.3097	53.6748	32.0218	81.2916	168.047
TRAESCS6D01G090400	10.2131	10.9789	14.6643	8.8832	22.2945	48.964
TRAESCS6D01G097400	7.9214	8.5211	11.4766	6.7192	13.941	24.2862
TRAESCS6D01G109000	24.8142	43.2038	58.1227	19.5189	49.3091	107.363
TRAESCS6D01G122100	1.5935	1.2814	1.9466	1.663	2.7319	4.7642
TRAESCS6D01G125600	3.5757	5.4236	5.9079	3.8659	8.4166	16.8477
TRAESCS6D01G135600	0.6211	0.4841	0.8391	0.4955	2.3773	9.7596
TRAESCS6D01G136600	1.2663	4.5427	14.3839	1.1847	6.7974	46.9985
TRAESCS6D01G144400	1.3806	3.5527	6.5147	1.4334	8.4351	29.6322
TRAESCS6D01G149500	1.8286	2.2097	1.4535	1.706	2.983	4.9362
TRAESCS6D01G150400	4.5036	4.9834	3.9194	5.0663	8.8606	15.8859
TRAESCS6D01G153600	1.1315	0.6591	0.7196	1.0119	2.3688	10.7624
TRAESCS6D01G154200	3.8781	3.5632	4.8987	3.989	6.9445	12.388
TRAESCS6D01G159100	5.0004	7.9651	10.7898	4.0215	9.5903	20.4235
TRAESCS6D01G162800	1.1744	1.5364	4.6689	1.2199	21.1285	114.3265
TRAESCS6D01G165800	8.0023	5.9467	8.4986	6.8474	10.8292	21.9398
TRAESCS6D01G171800	11.2269	13.2304	21.1826	11.4677	20.6792	46.2953
TRAESCS6D01G183200	7.7785	9.1947	8.9074	8.1744	12.2434	25.2737
TRAESCS6D01G187900	2.5388	1.8964	2.2696	2.2883	4.7796	9.6144
TRAESCS6D01G195900	12.8407	16.9519	21.7937	13.208	21.8648	40.0988
TRAESCS6D01G196300	45.627	52.5559	65.0992	49.8486	68.3644	129.062
TRAESCS6D01G203000	1.3387	0.5657	1.2535	1.6103	3.9654	10.2135
TRAESCS6D01G204800	0.2337	0.2391	0	0.1517	5.0516	25.4221
TRAESCS6D01G209200	19.3117	17.5357	19.2479	16.317	29.4501	51.8993
TRAESCS6D01G212000	32.3615	28.7807	31.867	30.7123	71.9676	184.4917
TRAESCS6D01G216600	5.2408	7.7487	7.4521	6.138	12.8435	35.2699
TRAESCS6D01G220300	1.4421	2.2939	3.7945	1.3133	4.0757	15.5354
TRAESCS6D01G221000	9.1279	10.1937	15.6542	8.7725	17.5505	29.9581
TRAESCS6D01G230000	13.8713	27.5071	37.7997	12.1603	23.4379	44.5711
TRAESCS6D01G230100	22.9979	54.6567	100.5643	17.0214	73.8578	177.529
TRAESCS6D01G234700	32.3348	52.7764	74.19	36.1414	124.149	409.876
TRAESCS6D01G243800	0.6094	3.0434	7.5616	0.6585	3.4645	15.2323
TRAESCS6D01G250400	0.373	0.3618	0.8284	0.4397	1.1861	3.693
TRAESCS6D01G255500	61.4162	53.3936	57.776	51.5061	74.6193	113.9397
TRAESCS6D01G261300	11.4187	11.1163	12.5501	8.6399	24.4919	84.4073
TRAESCS6D01G262700	116.9047	106.4099	117.2473	123.7607	171.8183	291.4403
TRAESCS6D01G263000	4.0873	4.0385	5.7991	3.8645	6.9376	10.9877
TRAESCS6D01G278900	11.2599	6.194	8.383	9.1541	33.5593	132.482
TRAESCS6D01G281600	0.1707	0.6966	0.8179	0.2127	1.0623	3.339
TRAESCS6D01G285100	3.9853	3.4428	5.9664	3.5739	11.625	74.2998
TRAESCS6D01G287800	0.8595	0.6048	1.1897	1.1875	2.7907	5.7631
TRAESCS6D01G293000	0.3328	0.61	0.9638	0.4783	1.438	3.1495
TRAESCS6D01G293700	0.1423	0.1876	0.2464	0.2053	0.6435	1.8966
TRAESCS6D01G303400	5.372	5.7555	6.9385	5.0092	8.0293	14.4811
TRAESCS6D01G310300	26.7837	29.0537	31.9412	26.7537	43.9765	88.2957
TRAESCS6D01G317700	10.0636	13.3816	33.6419	9.4578	28.401	86.6347
TRAESCS6D01G326300	4.933	3.9598	5.0548	4.7487	7.1371	13.4838
TRAESCS6D01G326400	21.8594	26.3128	27.1857	22.9218	36.7424	60.2353
TRAESCS6D01G331600	2.5992	2.2972	3.9801	3.0935	5.911	11.7535
TRAESCS6D01G339200	18.6869	25.1009	34.1413	19.2033	43.8363	100.8347
TRAESCS6D01G344500	0.3023	0.6734	2.0673	0.7046	2.8289	13.7998
TRAESCS6D01G358100	8.0529	8.4653	10.0036	7.8838	17.6618	33.8715
TRAESCS6D01G369300	0.9032	2.3312	5.2977	0.5104	4.7186	16.7033
TRAESCS6D01G376900	5.2331	4.2907	6.8538	5.5262	16.0804	43.5723
TRAESCS6D01G390200	8.4316	13.2828	14.9218	9.1893	14.5484	21.2032
TRAESCS6D01G393600	1.4985	1.338	1.7783	1.2644	2.8513	6.6896
TRAESCS7A01G003900	13.9826	14.2878	17.1256	14.4684	29.3209	51.4195
TRAESCS7A01G009200	0.5557	2.0466	15.0347	0.1429	9.3593	113.2284
TRAESCS7A01G009900	1.8221	1.965	2.0342	1.9123	3.5573	5.5931
TRAESCS7A01G010500	1.2975	1.1327	1.5998	1.2661	2.4949	4.3355
TRAESCS7A01G030900	8.857	9.189	11.5968	10.4127	16.5026	25.6147
TRAESCS7A01G033100	0.5605	0.2867	0.8141	0.6159	1.3495	2.2976
TRAESCS7A01G107100	4.8263	4.4362	5.9729	5.0827	10.1033	14.7779
TRAESCS7A01G118900	3.5035	6.0531	12.3812	2.304	8.2523	28.0783
TRAESCS7A01G127600	1.8088	2.1815	7.1815	2.28	12.2874	40.7169
TRAESCS7A01G141300	7.3464	6.1016	13.8069	9.5358	29.964	133.4217
TRAESCS7A01G145100	1.0312	1.4861	1.8473	0.8101	3.0825	6.6752
TRAESCS7A01G168500	0.123	0.4605	0.2911	0.2963	1.4046	6.283
TRAESCS7A01G170600	0.0494	0.268	0.3052	0.18	0.9327	1.8796
TRAESCS7A01G182200	2.4028	1.7951	3.8876	1.8131	4.7616	12.6454
TRAESCS7A01G189600	8.181	6.3333	8.9909	7.104	13.7705	26.6426
TRAESCS7A01G198200	8.0909	7.5989	8.8123	8.3079	13.0173	34.8546
TRAESCS7A01G232200	3.3241	3.4652	4.8449	4.3152	10.5282	25.8939
TRAESCS7A01G238900	0.1475	0.4176	0.7345	0.2406	1.2493	4.8226
TRAESCS7A01G251400	1.509	1.6454	2.2439	1.0159	4.0245	26.9227
TRAESCS7A01G255500	0.9914	1.1425	1.1817	0.8542	1.8307	3.0702
TRAESCS7A01G267300	3.7095	2.4678	3.7816	2.8483	8.1625	15.3592
TRAESCS7A01G267800	1.2644	1.7767	2.3181	1.2631	3.5889	17.6231
TRAESCS7A01G269900	1.4945	1.5814	3.6729	0.9552	3.4613	13.807
TRAESCS7A01G276200	2.3741	1.5784	2.4526	2.6311	3.9151	6.2789
TRAESCS7A01G292800	11.1772	10.2227	10.0929	10.8518	13.6309	17.7921
TRAESCS7A01G299700	5.2519	2.7163	4.5452	5.0225	8.6132	14.3276
TRAESCS7A01G301700	3.6361	4.3447	3.6108	3.396	20.5873	165.775
TRAESCS7A01G306600	0.9272	1.0763	3.2382	0.8344	11.8885	63.3842
TRAESCS7A01G307100	0.4837	1.6137	3.4524	0.358	3.864	16.4772
TRAESCS7A01G312800	0.381	0.4027	1.9139	0.6883	3.4002	15.851
TRAESCS7A01G315600	5.9648	6.5478	8.5126	5.7674	7.6584	10.9345
TRAESCS7A01G316900	9.5466	8.869	10.8675	9.9362	17.1778	22.08
TRAESCS7A01G319000	10.0901	12.9584	15.6776	12.9705	21.7498	42.4958
TRAESCS7A01G332000	27.6209	25.8833	24.4489	24.906	48.6732	86.6982
TRAESCS7A01G333900	3.2716	4.6118	12.2865	3.3426	15.5604	88.4378
TRAESCS7A01G338900	9.3318	20.5531	46.9251	7.2448	49.9678	132.4657
TRAESCS7A01G340700	4.3759	4.6994	6.6633	3.9426	7.2179	17.5926
TRAESCS7A01G343900	4.3544	4.3486	4.7124	4.5519	6.22	8.961
TRAESCS7A01G354800	0.4439	0.8565	0.9011	0.641	1.5254	3.9003
TRAESCS7A01G355300	0.3435	0.5722	1.2936	0.4386	3.5765	18.8178
TRAESCS7A01G357800	2.133	1.378	1.5921	2.3813	8.5594	32.1587
TRAESCS7A01G358100	0.3577	4.7512	11.0042	0.1806	2.54	16.0734
TRAESCS7A01G369700	48.3462	42.0871	47.2541	42.0674	79.2343	160.3037
TRAESCS7A01G370000	5.3404	6.841	6.5276	4.9348	7.6433	18.4882
TRAESCS7A01G372600	15.4255	16.2775	21.6367	15.541	22.9521	41.5083
TRAESCS7A01G376500	2.6453	3.9651	5.9643	2.1631	6.615	12.4602
TRAESCS7A01G378100	4.7412	7.9002	9.1393	4.4209	10.8839	20.1675
TRAESCS7A01G393600	1.6313	1.825	2.7924	2.1203	4.7534	9.4992
TRAESCS7A01G398400	2.6835	4.8369	5.7863	2.8093	6.427	14.0273
TRAESCS7A01G412400	3.9597	4.3159	7.1022	4.1915	11.9928	35.5018
TRAESCS7A01G424300	2.0349	3.4367	2.9019	2.5962	6.4216	11.2547
TRAESCS7A01G451100	0.0286	0.1364	0	0.2238	5.3069	15.0038
TRAESCS7A01G464200	0.3669	0.9739	0.6353	0.6106	1.575	4.5344
TRAESCS7A01G489500	55.8467	65.229	71.4315	54.9675	80.7952	123.9533
TRAESCS7A01G495400	5.8833	4.9932	7.2566	5.2073	9.9959	20.5768
TRAESCS7A01G502600	2.8116	2.4675	2.7908	2.911	5.2754	8.8
TRAESCS7B01G016500	0.0749	0.1553	0.869	0.0327	1.3772	14.185
TRAESCS7B01G027200	2.5542	1.7389	5.3413	3.5039	13.2273	31.9545
TRAESCS7B01G030800	5.6141	7.3342	7.3295	7.1179	12.9474	23.128
TRAESCS7B01G042600	12.4266	6.9391	14.0324	14.4769	45.8635	162.4483
TRAESCS7B01G047300	0.5896	0.4621	0.8026	0.6911	1.9087	5.3172
TRAESCS7B01G063900	4.7003	2.9322	5.8445	4.0988	11.3933	29.5622
TRAESCS7B01G073600	2.5701	2.4707	3.672	2.8303	6.8042	23.2122
TRAESCS7B01G077300	0.1058	0.1314	0	0.4379	2.8823	6.2758
TRAESCS7B01G087000	3.8854	2.6346	4.963	3.6083	6.5684	14.7126
TRAESCS7B01G130600	7.2259	8.1109	7.4092	5.5149	20.5903	84.4049
TRAESCS7B01G133200	4.5701	4.9507	4.4893	4.5463	7.6474	10.7834
TRAESCS7B01G133800	1.7788	0.9964	2.4944	2.232	4.113	7.5309
TRAESCS7B01G164400	0.7659	0.6754	1.1441	0.7207	2.4334	11.7896
TRAESCS7B01G164700	5.7895	4.9826	5.6357	5.7225	14.7223	24.597
TRAESCS7B01G169600	8.0434	7.4373	17.0534	8.2582	26.0948	57.399
TRAESCS7B01G179600	0.1699	0.2671	0.2246	0.3702	1.016	2.3504
TRAESCS7B01G179900	3.0324	5.4813	5.7855	3.7778	15.3226	58.183
TRAESCS7B01G187500	3.724	1.6504	3.2157	3.7761	6.9991	13.8692
TRAESCS7B01G196300	0.477	0.4792	1.1953	0.4516	2.456	5.7605
TRAESCS7B01G201900	4.2959	9.3924	9.4043	3.1804	21.4418	172.438
TRAESCS7B01G202900	0.3845	0.825	2.6618	0.686	3.6873	29.0898
TRAESCS7B01G205100	0.2042	0.806	0.7304	0.1212	0.6051	1.7766
TRAESCS7B01G206900	1.9118	1.563	3.7685	1.375	14.2785	65.7675
TRAESCS7B01G210600	2.9864	2.8496	4.331	3.0252	5.0807	9.1702
TRAESCS7B01G213300	25.1294	26.3777	33.9851	27.1029	46.2449	90.1184
TRAESCS7B01G214400	1.1251	0.6216	1.1287	1.072	2.5129	5.3699
TRAESCS7B01G241100	34.2792	34.2728	70.4272	31.883	74.7577	155.3297
TRAESCS7B01G245500	2.8274	4.8257	13.1394	2.8916	22.7856	156.4693
TRAESCS7B01G246000	2.1547	2.7489	3.4967	2.2579	3.642	7.1818
TRAESCS7B01G252700	2.5061	2.587	4.1265	2.9091	5.6915	11.575
TRAESCS7B01G254400	12.4896	11.1604	14.9286	11.1727	18.384	41.0644
TRAESCS7B01G258300	2.1835	1.6191	2.2191	1.9116	4.0858	11.901
TRAESCS7B01G262900	0.1691	0.3289	0.2698	0.6	1.1106	2.3728
TRAESCS7B01G273300	3.0173	2.6606	5.139	3.4298	10.623	24.3474
TRAESCS7B01G274100	1.9537	3.4537	6.2694	1.7676	5.451	13.9366
TRAESCS7B01G277900	1.244	2.1291	3.7238	1.6651	4.5432	7.2268
TRAESCS7B01G280400	26.0491	31.9737	32.4981	25.4793	42.6513	64.2117
TRAESCS7B01G283800	0.3719	0.1563	0.1431	0.2948	2.7831	8.5169
TRAESCS7B01G289400	1.9405	1.841	2.3492	2.2745	4.54	8.3794
TRAESCS7B01G291600	0.2551	0.4599	0.6515	0.174	0.6349	0.9159
TRAESCS7B01G295600	3.045	4.3407	6.5974	3.96	8.6328	18.6685
TRAESCS7B01G311600	2.536	2.4516	4.9691	2.6046	10.7668	51.5174
TRAESCS7B01G319900	10.1137	7.6081	6.9371	10.1456	13.6059	24.2126
TRAESCS7B01G320100	2.3231	1.9639	3.5053	1.7486	8.1381	49.5542
TRAESCS7B01G322600	0.5616	0.7084	1.6757	0.7784	2.2424	4.0691
TRAESCS7B01G325500	1.5357	1.9554	2.07	1.7899	3.8627	10.3306
TRAESCS7B01G341200	2.4696	2.0136	3.5678	1.4265	13.3778	96.9987
TRAESCS7B01G346700	4.3361	3.257	3.2991	4.3233	7.9593	17.094
TRAESCS7B01G365600	0.2338	0.4717	1.1487	0.1756	1.4564	6.5963
TRAESCS7B01G392600	64.6311	80.6375	77.3366	68.0417	85.424	126.051
TRAESCS7B01G433400	0.5026	0.5195	0.9311	0.6937	1.8253	4.3934
TRAESCS7B01G484200	0.6968	0.6949	0.6457	0.6045	2.1695	9.1333
TRAESCS7D01G004400	11.3173	10.7836	14.543	11.1062	17.978	27.4668
TRAESCS7D01G008700	0.0823	0	1.6041	0.0371	4.1257	87.2259
TRAESCS7D01G009400	0.0807	0.2446	16.175	0.0291	23.2415	518.2057
TRAESCS7D01G038800	1.6733	1.9293	2.5788	1.7675	5.1708	14.9657
TRAESCS7D01G056800	2.6107	2.3577	3.8619	3.0067	6.2518	13.7739
TRAESCS7D01G063900	1.218	3.6448	6.9184	1.2635	6.6164	24.6703
TRAESCS7D01G071200	0.0372	0.7761	0.7135	0.3221	7.3477	36.8609
TRAESCS7D01G084900	0.6502	0.6283	1.2733	1.0798	3.0438	10.2726
TRAESCS7D01G114100	2.0274	2.7703	5.0034	1.5727	4.9346	21.6814
TRAESCS7D01G116300	1.6449	3.2078	7.4236	0.9493	6.2068	42.5342
TRAESCS7D01G121400	0.4475	1.2875	2.4147	0.4341	2.8431	7.1865
TRAESCS7D01G142600	30.6123	15.5086	25.7693	34.2656	65.6552	180.5083
TRAESCS7D01G146400	1.2396	1.7595	3.0787	1.0568	2.903	5.4961
TRAESCS7D01G150500	0.0498	0.122	0.6117	0.2753	4.2758	51.2095
TRAESCS7D01G165800	0.7967	0.732	0.8794	0.7519	2.5622	6.4406
TRAESCS7D01G166500	0.8073	0.0901	0.0743	0.0346	6.672	67.9836
TRAESCS7D01G179700	6.5464	11.2232	8.8118	6.974	11.3224	19.6051
TRAESCS7D01G183600	3.9166	3.0124	4.5373	3.1385	6.393	13.5358
TRAESCS7D01G190700	6.6751	6.8573	10.6134	6.3824	14.1235	28.8511
TRAESCS7D01G193000	1.4251	0.9649	1.1607	1.2759	2.9718	6.7589
TRAESCS7D01G230900	0.3312	0.5829	2.5829	0.135	1.9319	4.9604
TRAESCS7D01G232300	3.067	2.4085	3.0449	3.0948	11.5298	71.8268
TRAESCS7D01G272700	17.9196	17.5121	27.4254	15.5691	52.115	136.1027
TRAESCS7D01G277500	1.6962	2.3614	6.5347	2.0326	5.2432	23.9191
TRAESCS7D01G279900	6.169	7.778	8.7716	4.7294	18.7343	56.7464
TRAESCS7D01G286500	0.8048	0.4795	0.7334	0.6578	1.5226	4.184
TRAESCS7D01G294300	0.6441	0.6844	1.6889	0.2799	2.3375	13.371
TRAESCS7D01G296700	0.204	0.0887	0.2844	0.1538	0.4612	1.0382
TRAESCS7D01G297000	2.8882	4.9556	6.2761	2.4493	16.5537	145.6843
TRAESCS7D01G303500	1.4085	1.0722	3.496	0.8418	10.7835	48.1039
TRAESCS7D01G309200	0.9829	1.0759	2.8361	1.5556	7.047	36.4352
TRAESCS7D01G310300	0.583	0.4199	0.3247	0.648	2.0492	6.635
TRAESCS7D01G313900	9.13	7.3039	10.852	10.4172	15.5364	20.7124
TRAESCS7D01G323100	3.3314	2.912	3.0107	2.862	5.5654	9.1351
TRAESCS7D01G328500	14.5671	19.2504	23.1243	10.6518	46.1324	116.593
TRAESCS7D01G336000	0.1726	0	0	0.1129	8.1076	66.8203
TRAESCS7D01G341500	2.818	5.9822	13.662	3.2495	26.0738	229.5993
TRAESCS7D01G341900	2.039	1.6135	4.4233	1.2731	7.4283	19.2314
TRAESCS7D01G346100	5.8921	17.294	61.8251	4.243	50.7572	143.3033
TRAESCS7D01G358000	0.3151	0.2193	0.7101	0.5735	6.5287	22.0695
TRAESCS7D01G361300	0.0828	0	0.1223	0.0702	3.2519	71.3691
TRAESCS7D01G364700	0.3302	6.248	11.7067	0.3847	2.7011	13.3816
TRAESCS7D01G364900	5.453	4.507	1.4327	5.6025	18.0874	61.6372
TRAESCS7D01G365800	2.5892	3.7071	3.4035	3.6714	19.87	67.5846
TRAESCS7D01G368300	2.9716	2.0934	4.4284	3.5659	9.6268	22.4915
TRAESCS7D01G373800	6.0726	6.1461	6.4474	5.97	8.1434	12.8116
TRAESCS7D01G375500	20.8094	26.4303	31.1375	22.4471	37.5203	58.6814
TRAESCS7D01G378900	1.4086	1.1975	2.0984	1.2228	3.8966	17.9844
TRAESCS7D01G388900	3.6816	3.739	6.201	4.0239	9.8822	24.2793
TRAESCS7D01G401500	4.8692	7.3823	7.2561	5.1539	13.3249	25.1572
TRAESCS7D01G405500	4.0607	3.3293	6.1975	4.0089	11.6666	37.083
TRAESCS7D01G413700	0.1742	0.0722	0.0888	0.1693	0.5006	1.2478
TRAESCS7D01G431500	2.0316	3.4089	10.966	0.8377	10.8096	53.8123
TRAESCS7D01G435200	0.3373	0.476	1.7591	0.6386	2.3274	15.0055
TRAESCS7D01G436800	2.6874	2.2861	4.0992	2.5555	6.8426	18.9195
TRAESCS7D01G440200	0.5598	0.2497	0.7198	0.348	3.702	9.1727
TRAESCS7D01G452600	0.1312	0.2066	0.1972	0.1367	0.7852	2.1782
TRAESCS7D01G457900	0.3331	0.1123	0.3853	0.3494	1.1673	5.3838
TRAESCS7D01G458300	2.8853	2.2916	3.3296	2.7646	5.3992	9.3382
TRAESCS7D01G482600	8.7424	7.4821	12.981	5.7059	24.1301	83.4023
TRAESCS7D01G483400	0.6995	0.4879	1.1214	0.437	2.6603	9.3333
TRAESCS7D01G492100	3.3018	2.5464	5.6837	3.6069	11.0862	27.5829
TRAESCS7D01G510600	11.1523	10.3489	11.3691	10.4971	19.0407	40.661
TRAESCS7D01G543700	7.3668	6.6825	8.2228	7.6718	11.1873	13.378
TRAESCSU01G002300	6.8589	7.3154	7.2115	7.426	9.496	16.6162
TRAESCSU01G005100	6.1308	26.4015	43.7229	7.7521	30.4612	89.4365
TRAESCSU01G021900	3.9148	5.3836	5.9951	3.5778	7.3012	15.4899
TRAESCSU01G063500	2.891	2.5309	4.2868	3.0792	8.7287	60.5193
TRAESCSU01G065300	2.15	2.0595	2.0239	2.361	2.9848	4.2564
TRAESCSU01G080700	19.8515	24.857	31.3276	19.9847	37.2054	72.7025
TRAESCSU01G116400	0.3525	0.3181	0.4242	0.2785	1.2227	3.0518