geneid	2dpi_mock	4dpi_mock	6dpi_mock	2dpi_inoc	4dpi_inoc	6dpi_inoc
TRAESCS1A01G002200	9.8858	9.6009	12.3018	12.2503	23.6198	34.6085
TRAESCS1A01G104700	1.2719	0.7661	1.328	1.2065	2.366	2.9363
TRAESCS1A01G110300	12.9568	15.141	15.9754	13.2305	32.4778	58.6609
TRAESCS1A01G122500	3.2632	3.281	8.623	3.3785	10.308	24.3872
TRAESCS1A01G145800	2.7228	1.7296	5.7546	1.0767	24.455	94.3306
TRAESCS1A01G150400	1.4993	4.242	10.3426	1.7372	5.6321	13.9856
TRAESCS1A01G153100	0.5673	0.706	0.8291	1.3669	3.8168	10.327
TRAESCS1A01G181000	0.318	0.1364	0.3399	0.3994	6.0354	48.5598
TRAESCS1A01G215400	5.0102	3.7086	4.0508	4.4667	7.951	9.6515
TRAESCS1A01G225600	2.4855	1.806	2.3269	2.5257	4.6197	6.9617
TRAESCS1A01G263600	0.1651	0.1094	0.1502	0.7801	3.7389	5.0682
TRAESCS1A01G263700	0.4221	1.2188	1.283	0.4078	4.8247	21.5628
TRAESCS1A01G279100	20.3929	23.001	26.2486	18.3951	35.0394	53.5093
TRAESCS1A01G287000	0.4788	2.1195	4.3355	1.7379	10.8053	50.9108
TRAESCS1A01G299100	0.3008	0.7409	2.3029	0.8732	9.8947	40.0638
TRAESCS1A01G306200	39.6558	50.0828	63.9006	38.6231	68.8151	86.1304
TRAESCS1A01G309700	1.2594	1.2541	2.0704	1.3133	7.4353	21.7979
TRAESCS1A01G312700	0.5004	1.2741	2.1737	1.1614	3.5823	9.2129
TRAESCS1A01G316900	128.0507	138.6717	156.378	127.0293	193.025	311.2547
TRAESCS1A01G325400	2.52	2.095	2.9342	1.8928	6.6586	12.8637
TRAESCS1A01G340100	0.0334	0.113	0.0369	0.1373	3.069	8.034
TRAESCS1A01G366500	0.4048	0.3475	0.3656	0.4326	2.3229	3.6189
TRAESCS1A01G369700	9.0309	9.115	12.5955	8.3763	15.1482	23.4541
TRAESCS1A01G375600	0.4801	1.1704	1.0325	0.6174	4.6615	7.8626
TRAESCS1A01G420300	9.9645	9.7591	11.2167	10.0658	14.4819	18.9661
TRAESCS1A01G442500	6.4178	8.103	9.0426	6.3024	10.2912	13.1844
TRAESCS1B01G001100	18.1171	14.5599	17.2717	20.4445	34.0257	46.4434
TRAESCS1B01G018900	0.5382	0.5807	0.781	0.6583	2.8654	6.44
TRAESCS1B01G024500	19.1006	18.2173	29.7736	19.3183	38.7928	63.2138
TRAESCS1B01G080500	11.3996	14.3307	11.2896	14.0559	24.8233	37.4152
TRAESCS1B01G090400	7.2522	6.5274	7.1519	7.382	10.916	13.0477
TRAESCS1B01G093700	1.4066	1.0837	1.1706	1.5846	2.578	3.5721
TRAESCS1B01G125100	9.0929	9.2433	9.4776	8.4912	15.0698	23.4134
TRAESCS1B01G141700	4.3762	6.7253	14.9028	4.351	13.9321	22.3342
TRAESCS1B01G142400	14.5376	19.9837	24.467	18.3261	38.565	70.4858
TRAESCS1B01G157000	2.1298	18.0509	25.5762	1.9826	8.9195	26.0693
TRAESCS1B01G164000	4.6599	2.9175	6.6917	3.1387	29.4499	86.0426
TRAESCS1B01G199600	0.1055	0.0494	0.2951	0.178	15.736	108.6248
TRAESCS1B01G223300	5.9204	6.1346	11.8203	6.2791	20.5232	60.1758
TRAESCS1B01G232300	8.6252	13.3312	22.8582	9.579	17.532	29.6793
TRAESCS1B01G263000	4.2201	3.2089	5.2491	4.0689	7.3486	11.1966
TRAESCS1B01G267900	0.0641	0.0724	0.0265	0.0399	1.5218	4.9749
TRAESCS1B01G288800	0.1669	0.1496	0.4228	0.1507	1.7225	5.8293
TRAESCS1B01G294300	0.7083	2.1112	5.1543	0.9545	26.209	118.5751
TRAESCS1B01G299800	0.7027	1.1337	0.9207	0.9484	2.4246	6.1352
TRAESCS1B01G304800	0.1217	0.16	0	0.4639	6.0666	12.4851
TRAESCS1B01G308900	0.2675	0.2839	0.6486	0.4999	9.5196	53.3879
TRAESCS1B01G352100	0.5753	0.6768	1.0839	0.5903	1.8097	5.1398
TRAESCS1B01G352400	0.1173	0.1531	0.1972	0.1848	6.4186	19.7589
TRAESCS1B01G361600	0.4161	0.3744	0.4605	0.6503	2.497	6.4707
TRAESCS1B01G364500	69.3726	61.8849	78.9249	83.5422	169.173	271.6633
TRAESCS1B01G374100	1.6851	1.079	1.524	1.6435	4.6664	9.1894
TRAESCS1B01G388800	6.757	8.3209	9.0037	7.2585	14.0444	21.7987
TRAESCS1B01G433400	10.8334	10.2	11.7187	11.5884	16.7458	24.4388
TRAESCS1B01G459100	45.5095	57.9114	103.6049	44.7819	90.8698	119.4203
TRAESCS1D01G017500	0.2263	0.352	1.2161	0.4401	2.3361	7.3983
TRAESCS1D01G020000	13.4715	13.7503	26.0924	13.0526	31.5888	73.2352
TRAESCS1D01G074400	4.3498	3.5355	3.3308	3.8379	8.0367	10.3038
TRAESCS1D01G083600	31.9979	30.027	30.244	31.926	62.4282	92.2439
TRAESCS1D01G104800	1.3259	1.4805	1.6535	1.2229	4.6804	9.9945
TRAESCS1D01G120000	0.4365	0.2951	0.5823	0.3288	5.2816	25.7391
TRAESCS1D01G139400	2.5663	12.966	15.2803	3.195	16.4379	55.2306
TRAESCS1D01G141400	0.5228	0.2345	0.5886	0.4564	3.3609	10.6635
TRAESCS1D01G144400	0.4858	0	1.726	0.2361	17.7421	69.277
TRAESCS1D01G164600	0.5584	0.586	0.235	0.7039	2.8484	8.0878
TRAESCS1D01G192900	5.6212	4.4326	6.1876	5.1437	12.1746	27.4683
TRAESCS1D01G211800	5.0812	6.4567	7.9314	4.6871	8.5572	11.9451
TRAESCS1D01G222600	3.163	4.4207	9.8408	3.443	13.644	29.9162
TRAESCS1D01G223600	5.0239	6.8614	7.3741	5.4368	9.5121	16.4166
TRAESCS1D01G256700	0.1168	0.063	0.0311	0.1069	2.6086	7.8617
TRAESCS1D01G284000	1.898	3.1179	7.0928	1.4087	20.5318	167.2813
TRAESCS1D01G296500	0.3194	0	0.3147	0.9983	13.5892	28.6994
TRAESCS1D01G305900	30.0966	47.1503	63.5909	33.4992	62.4566	91.1169
TRAESCS1D01G309200	0.6065	0.8918	3.0664	1.1032	6.6495	24.4183
TRAESCS1D01G336300	1.2865	1.1657	3.4089	1.1135	6.0756	24.924
TRAESCS1D01G342100	0.0672	0.0867	0.1164	0.2489	5.3867	17.1134
TRAESCS1D01G349700	10.7687	11.0487	18.8295	10.9918	22.9797	30.149
TRAESCS1D01G353100	56.8904	57.2145	81.4109	70.2975	144.0233	348.794
TRAESCS1D01G382900	0.6813	0.9797	0.9562	0.7731	4.0154	6.7839
TRAESCS1D01G403500	0.895	0.9508	1.6335	0.7696	4.4116	10.972
TRAESCS1D01G412200	26.7469	40.3565	61.31	23.1364	112.0786	264.4507
TRAESCS1D01G426000	5.0528	5.7957	9.664	4.575	13.8527	42.4219
TRAESCS2A01G014300	5.0637	5.6537	9.0265	4.4742	26.6323	60.3973
TRAESCS2A01G040100	12.7617	11.0754	16.8486	12.0279	28.7645	72.3326
TRAESCS2A01G121200	54.1528	55.6451	68.9917	59.4462	99.6666	171.7697
TRAESCS2A01G127300	2.5986	2.2959	3.1106	2.3277	5.0359	8.7733
TRAESCS2A01G146000	5.7336	5.6078	14.0208	6.6517	26.978	80.4608
TRAESCS2A01G157800	7.7282	9.9943	19.6385	5.6183	18.8276	36.6914
TRAESCS2A01G169300	11.0361	5.4981	12.3941	11.6148	34.6335	83.6915
TRAESCS2A01G190800	0.3697	1.3128	1.6534	0.538	2.3632	7.2896
TRAESCS2A01G198500	12.1051	24.7899	42.3175	11.5398	42.8302	113.3406
TRAESCS2A01G212000	5.7684	5.3132	7.1474	6.0151	9.8731	15.5793
TRAESCS2A01G213900	2.8065	3.4863	3.7443	3.1388	4.8874	7.9356
TRAESCS2A01G243200	36.4869	36.5153	44.4716	38.6349	68.9741	97.2268
TRAESCS2A01G263300	114.7363	146.1393	164.8927	119.6487	169.374	221.965
TRAESCS2A01G273800	0.0438	0.0711	0.2437	0.0793	1.3122	2.0455
TRAESCS2A01G290100	0.5879	2.7496	5.3313	0.7109	2.855	5.6075
TRAESCS2A01G327100	7.6383	9.1139	9.4067	7.7672	12.2422	19.5371
TRAESCS2A01G331100	1.5829	1.9414	2.8381	1.9847	4.7061	7.4645
TRAESCS2A01G356900	1.1803	1.3199	1.6882	1.4821	3.0175	5.9001
TRAESCS2A01G389400	0.3447	1.4051	2.3435	0.7264	5.656	19.2109
TRAESCS2A01G392900	2.6679	1.7398	1.6529	2.9083	4.8209	7.904
TRAESCS2A01G406900	1.1178	2.4148	3.0098	1.2586	16.066	92.39
TRAESCS2A01G410800	2.3195	1.3108	1.8836	2.4857	4.0029	5.7685
TRAESCS2A01G473100	0.7631	1.006	1.1795	0.8022	2.3138	4.9898
TRAESCS2A01G490200	6.8797	5.68	9.5988	7.5738	13.9507	19.846
TRAESCS2A01G507500	0.1287	0.4118	1.3149	0.0557	5.2667	23.8041
TRAESCS2A01G525500	32.9988	42.2831	19.1735	51.2787	385.6337	910.568
TRAESCS2A01G545600	43.3763	44.6705	47.785	36.772	84.3445	180.0253
TRAESCS2B01G002100	4.917	8.6051	11.5515	4.5526	17.2208	30.9432
TRAESCS2B01G048700	5.3659	3.9828	5.3809	4.3001	20.0187	57.3607
TRAESCS2B01G053000	8.1627	8.6402	14.7132	8.1595	24.4442	59.3419
TRAESCS2B01G118500	0.2885	0.725	1.8509	0.7729	6.9904	28.9258
TRAESCS2B01G119200	1.5182	1.4008	2.1676	1.8796	5.0199	14.3521
TRAESCS2B01G123900	32.5117	22.4016	52.4638	27.513	86.1459	165.1867
TRAESCS2B01G174500	1.4068	1.3306	1.9211	1.0983	5.3681	14.412
TRAESCS2B01G180200	3.596	4.502	5.4322	3.1371	7.4481	13.1016
TRAESCS2B01G182700	1.0183	0.8819	1.3315	0.8997	6.3143	15.3109
TRAESCS2B01G195600	15.2864	7.9402	17.6982	15.0622	43.4717	103.3538
TRAESCS2B01G215200	16.3808	18.1456	16.7557	16.5625	23.6322	31.7767
TRAESCS2B01G239400	3.6613	2.1404	4.0057	3.5151	6.1576	9.4583
TRAESCS2B01G261500	6.1118	3.1713	4.0137	5.4877	11.0322	15.2978
TRAESCS2B01G294500	0.8513	0.5544	1.2106	0.6303	8.7877	35.3184
TRAESCS2B01G333600	0.4637	0.917	1.6337	0.7773	7.0981	37.728
TRAESCS2B01G346000	0.8958	0.3529	0.9846	0.8475	2.5503	6.7838
TRAESCS2B01G354100	0.4677	0.546	0.2936	0.4168	2.2157	4.9469
TRAESCS2B01G381600	93.5925	114.9873	138.4173	83.6551	212.5083	336.682
TRAESCS2B01G390600	1.2926	1.3463	2.4642	1.5173	3.1679	5.8867
TRAESCS2B01G397300	0.1723	0.604	0.3644	0.3176	1.2773	2.6227
TRAESCS2B01G414800	0.0331	0.0464	0.2696	0.2343	12.7743	57.6829
TRAESCS2B01G424500	0.6053	0.6801	0.7397	0.5987	13.1032	64.6297
TRAESCS2B01G472100	6.7929	5.7537	4.9918	8.3563	18.1312	39.804
TRAESCS2B01G475100	0.2238	0.1671	1.0468	0.6167	8.6165	14.9388
TRAESCS2B01G476400	0.293	0.2404	0.496	0.4012	2.7908	5.5263
TRAESCS2B01G476700	24.6814	5.907	11.3509	26.2696	61.8987	98.9546
TRAESCS2B01G526700	8.742	8.0949	8.2604	8.0325	16.1369	28.3592
TRAESCS2B01G534700	7.5521	5.6305	6.8648	6.5484	13.9298	20.5217
TRAESCS2B01G576100	8.2055	10.9258	11.4563	7.8257	18.3217	39.436
TRAESCS2D01G038700	14.8715	16.1474	20.7544	13.4099	38.1081	79.3555
TRAESCS2D01G063000	0.1733	0.2539	0.7548	0.4518	6.185	38.8084
TRAESCS2D01G100900	0.3559	0.6505	2.3766	0.2158	5.1902	17.7915
TRAESCS2D01G101500	1.2677	1.1334	2.1519	1.8002	5.0774	15.8774
TRAESCS2D01G123300	60.9569	64.4976	71.5896	69.0898	120.7863	174.3567
TRAESCS2D01G147100	0.3274	0.1602	1.6126	0.122	1.6121	4.5728
TRAESCS2D01G152200	25.1664	28.5819	28.6189	24.005	42.5182	61.8125
TRAESCS2D01G163900	4.8209	4.4864	7.997	4.0851	12.7773	25.8029
TRAESCS2D01G176800	17.9767	8.7657	21.8142	17.8583	41.8302	98.1567
TRAESCS2D01G178200	1.1723	1.225	1.2736	1.3515	2.1339	3.3177
TRAESCS2D01G230600	0.2144	0.0947	0.2231	0.1523	0.7218	1.4992
TRAESCS2D01G252600	3.7789	3.5543	11.9196	3.2172	20.3348	79.0775
TRAESCS2D01G279500	7.2025	9.0435	10.1286	6.8923	25.1809	52.865
TRAESCS2D01G294700	3.2251	2.0651	3.2262	3.6343	6.6651	10.8178
TRAESCS2D01G299500	0.275	0.2429	0.8459	0.7883	2.9812	9.9278
TRAESCS2D01G361400	67.6864	74.1828	97.6149	62.3338	166.4883	480.9707
TRAESCS2D01G372000	0.257	0.5498	0.2869	0.4786	5.5827	15.681
TRAESCS2D01G403800	0.5159	0.8022	1.012	0.1761	11.8997	70.6754
TRAESCS2D01G408200	2.6716	1.704	2.1777	2.5699	4.6167	6.0622
TRAESCS2D01G498900	14.4278	13.8658	11.8571	14.1387	28.3568	39.9603
TRAESCS2D01G524500	1.3539	1.3679	1.3965	1.4295	2.4878	4.3538
TRAESCS2D01G534600	5.6674	5.9932	9.7576	5.2666	10.8152	18.5524
TRAESCS2D01G546500	51.163	55.4972	66.5195	43.7973	103.3789	229.3697
TRAESCS2D01G571900	0.8929	0.5884	0.7031	0.9998	1.9079	2.3842
TRAESCS3A01G006100	9.6327	11.3938	11.8502	9.9971	15.9683	21.5636
TRAESCS3A01G087300	1.3516	1.8072	2.5153	1.692	14.0547	36.3349
TRAESCS3A01G097400	0.1555	0.7558	3.342	0.315	3.723	9.7041
TRAESCS3A01G120900	3.872	3.4172	3.5726	4.6031	7.9816	12.2578
TRAESCS3A01G138800	0.4206	0.2192	0.7554	1.135	11.4614	44.1529
TRAESCS3A01G172900	6.4183	6.1357	7.4377	7.1893	15.1113	29.3173
TRAESCS3A01G186100	5.4306	4.8775	5.2027	5.9077	9.0927	14.5814
TRAESCS3A01G189300	8.7065	11.3985	11.5093	10.1693	24.9908	47.038
TRAESCS3A01G207500	10.1938	12.1171	16.7272	11.7227	19.5314	26.4642
TRAESCS3A01G212900	1.7972	1.2796	1.9582	1.7654	4.3626	6.8974
TRAESCS3A01G215400	0.8764	0.3706	1.8997	0.8086	5.5102	23.3604
TRAESCS3A01G226600	0.1144	1.3759	5.8148	0.3169	16.4324	100.9038
TRAESCS3A01G230600	10.2117	11.3401	11.7391	10.3015	15.2441	19.0313
TRAESCS3A01G232100	1.045	0.788	2.0464	0.6772	2.5812	5.0719
TRAESCS3A01G249300	2.3216	1.7656	1.8019	2.2005	9.2603	29.2609
TRAESCS3A01G250500	17.4842	14.734	15.8798	15.5217	34.4437	65.2002
TRAESCS3A01G276200	0.2511	0.1641	0.5602	0.5572	3.2942	13.5938
TRAESCS3A01G299000	9.2103	8.1192	9.069	9.3645	19.574	25.3958
TRAESCS3A01G306400	1.1724	1.005	1.2796	0.9548	2.9624	5.264
TRAESCS3A01G319900	2.1982	2.3469	2.8499	2.2195	4.2139	6.8043
TRAESCS3A01G337300	21.9245	24.875	33.1325	23.5761	42.7296	80.9077
TRAESCS3A01G346700	0.4392	0.0871	0.1253	0.4309	3.402	6.7358
TRAESCS3A01G357900	12.0344	13.3173	17.436	12.0951	22.51	29.8252
TRAESCS3A01G362200	0.677	0.4454	0.825	1.1989	8.6125	19.5428
TRAESCS3A01G400000	1.2826	1.198	3.5636	1.4284	6.5477	31.9142
TRAESCS3A01G420800	2.9141	2.7597	2.856	2.9966	6.1374	9.4734
TRAESCS3A01G422100	3.4381	9.0991	17.3973	3.4956	28.8643	129.1222
TRAESCS3A01G452300	0.9112	0.5657	0.2881	0.9319	3.7122	8.3747
TRAESCS3A01G455600	1.2235	1.2536	1.657	1.3032	2.7005	5.3549
TRAESCS3A01G487500	0.7013	1.5716	2.3459	1.0592	4.1112	12.9254
TRAESCS3A01G495800	3.0307	2.3072	3.1664	2.7648	7.798	14.642
TRAESCS3B01G039900	1.2709	1.2412	2.4233	1.5748	3.3241	6.481
TRAESCS3B01G166500	1.5585	2.2887	3.1636	2.2206	6.6355	11.4439
TRAESCS3B01G203800	8.1625	7.1253	12.7407	8.5049	19.8845	42.9881
TRAESCS3B01G217300	9.8819	9.8308	11.3697	8.9062	20.4331	26.7784
TRAESCS3B01G218500	5.9387	7.4261	9.3523	7.2398	20.8048	44.0918
TRAESCS3B01G221400	0.4292	0.4688	0.7723	0.5382	2.3598	6.2158
TRAESCS3B01G238600	8.4252	6.4136	6.2385	8.7706	12.7654	17.5174
TRAESCS3B01G247200	1.2983	0.782	0.6486	1.2887	12.6396	21.346
TRAESCS3B01G257900	0.759	0.3288	0.6688	0.5271	18.9433	98.8604
TRAESCS3B01G260300	0.7735	1.9073	6.3446	0.3171	8.9116	22.6124
TRAESCS3B01G310000	0.1818	0.3269	1.0392	0.4723	3.3653	17.4598
TRAESCS3B01G332500	0.9366	0.7395	1.44	1.2021	2.5396	4.6309
TRAESCS3B01G334300	1.164	7.7085	16.3076	1.3183	4.0697	9.6866
TRAESCS3B01G339400	0.0479	0	0	0.1691	2.4995	3.9331
TRAESCS3B01G356500	0.2104	0.63	0.7768	0.4397	3.7022	15.4904
TRAESCS3B01G368600	36.7754	35.678	52.5662	36.1381	78.4039	172.2253
TRAESCS3B01G377600	0.2825	0.8025	0.3929	0.5881	1.7238	3.0072
TRAESCS3B01G380600	0.4628	0.4364	0.2224	0.3523	1.9446	3.988
TRAESCS3B01G388700	0.2871	0.2221	0.1284	0.3548	2.1057	3.9804
TRAESCS3B01G394600	0.721	0.9152	1.2018	0.7198	7.4184	17.5248
TRAESCS3B01G411900	2.6254	2.8506	4.566	3.3821	5.8623	9.9449
TRAESCS3B01G457600	4.3566	4.4828	10.0197	3.8129	32.6032	141.6813
TRAESCS3B01G473300	13.3658	15.6057	20.3304	13.7558	20.6059	29.2499
TRAESCS3B01G525800	5.4148	6.8805	7.4484	5.559	10.8726	13.7384
TRAESCS3B01G543500	3.7955	4.3494	4.361	3.7006	5.8393	6.8682
TRAESCS3B01G575500	5.7382	5.9885	7.8549	5.442	17.7894	45.2005
TRAESCS3B01G575600	9.738	7.8973	7.9967	9.4247	14.6878	17.3446
TRAESCS3B01G590000	1.7948	2.1436	3.4574	2.4587	8.9853	28.593
TRAESCS3D01G036900	1.8933	1.6161	2.7499	2.3639	9.1393	19.991
TRAESCS3D01G037100	5.7451	4.2796	7.2286	6.7097	15.428	33.1686
TRAESCS3D01G037200	1.7677	1.5802	2.3501	1.729	4.3004	8.6623
TRAESCS3D01G097900	0.1131	0.4659	0.4289	0.1707	2.6583	5.4985
TRAESCS3D01G158700	1.1251	1.0859	1.6852	1.9311	4.601	9.0897
TRAESCS3D01G159100	9.3711	7.8037	11.9326	10.3621	20.5514	45.4856
TRAESCS3D01G188900	0.9797	0.9101	1.3259	0.9953	2.8299	5.9946
TRAESCS3D01G192800	6.6892	7.2498	8.0363	7.9091	16.2632	34.2594
TRAESCS3D01G230600	6.6958	3.9442	3.3413	5.3978	18.6908	45.4352
TRAESCS3D01G237000	3.6045	3.7397	4.9178	3.7748	6.0926	7.8411
TRAESCS3D01G276200	0.4177	0.089	0.5766	0.545	5.6138	30.1027
TRAESCS3D01G294300	3.5679	2.9794	4.4981	2.5295	10.7	28.1015
TRAESCS3D01G326900	12.3714	5.0388	7.4481	14.3852	31.4018	57.6337
TRAESCS3D01G330200	0.4923	1.4102	3.5668	0.7273	3.7248	15.8334
TRAESCS3D01G349800	0.2266	0.0898	0.3526	0.4008	2.4891	5.1981
TRAESCS3D01G351000	0.1184	0.5366	1.0567	0.2237	3.544	10.4932
TRAESCS3D01G355900	0.7224	1.2008	2.0015	0.86	9.7569	19.86
TRAESCS3D01G359100	0.1958	0.0611	0.3991	0.4036	2.9761	9.1737
TRAESCS3D01G372500	2.8377	3.0548	4.2831	3.1824	6.7742	12.7179
TRAESCS3D01G384000	17.8354	21.2711	24.6254	20.1194	41.5583	84.8965
TRAESCS3D01G392700	4.0127	3.3361	4.9568	4.3573	7.6201	13.0142
TRAESCS3D01G417500	1.3746	1.1738	2.3067	1.0202	24.7854	136.7803
TRAESCS3D01G441200	5.1722	6.002	10.1875	4.5076	9.4566	16.271
TRAESCS4A01G015900	13.4873	7.2813	8.8488	12.9899	33.8047	45.66
TRAESCS4A01G019900	4.7956	7.4196	7.583	4.502	16.5182	20.8552
TRAESCS4A01G028600	0.1879	0.4484	0.262	0.4103	5.2137	26.5387
TRAESCS4A01G032100	1.5302	1.3832	3.6532	2.109	7.1129	22.8786
TRAESCS4A01G050800	0.3061	0.367	0.2939	0.3879	1.9461	5.6908
TRAESCS4A01G065700	8.1185	8.9898	11.1712	9.8106	21.3569	57.6789
TRAESCS4A01G071300	21.9289	22.9694	21.6038	22.8079	31.4542	41.6788
TRAESCS4A01G092100	0.6054	1.0713	0.2839	0.544	7.4629	30.2565
TRAESCS4A01G106900	0.2075	0.1729	0.3187	0.1828	1.4171	4.2278
TRAESCS4A01G110600	0.9585	1.4292	1.1933	1.2316	3.345	6.3668
TRAESCS4A01G140000	3.3815	2.9571	5.2328	2.4106	10.2744	28.5055
TRAESCS4A01G166900	19.2168	16.6721	30.4677	21.6311	61.3368	154.0863
TRAESCS4A01G192500	9.3509	7.6771	7.8215	11.314	19.72	24.8616
TRAESCS4A01G202100	0.0441	0	0.0454	0.1804	1.2149	3.1781
TRAESCS4A01G204300	5.103	6.4065	7.8615	5.573	8.8269	11.8726
TRAESCS4A01G206900	58.583	54.7989	57.5973	60.1533	76.434	92.8437
TRAESCS4A01G214200	15.2093	12.8654	20.5094	13.6125	52.3021	139.9833
TRAESCS4A01G239800	2.1674	2.5822	2.4106	1.9791	7.5922	19.0724
TRAESCS4A01G246300	3.1578	4.0755	6.4788	3.4003	7.1192	10.1756
TRAESCS4A01G252800	19.9711	14.1687	15.2266	17.2769	55.5231	176.2643
TRAESCS4A01G266400	13.9258	16.412	16.7436	15.3262	20.1383	28.8581
TRAESCS4A01G268700	125.8823	129.269	135.1903	127.1327	164.6523	201.4983
TRAESCS4A01G319600	3.5262	5.9645	6.5471	5.064	12.3401	26.1877
TRAESCS4A01G343300	8.8831	9.3817	11.4135	7.2775	30.6436	62.3886
TRAESCS4A01G381500	11.9764	14.1123	17.8679	14.8304	22.3418	32.5816
TRAESCS4A01G401400	6.4386	3.2757	3.5367	4.626	20.6474	37.3281
TRAESCS4A01G404500	1.1305	4.5003	10.1143	1.3523	5.061	9.128
TRAESCS4A01G411000	16.0572	24.9797	37.2537	15.1245	43.0468	89.0846
TRAESCS4A01G419400	0.4388	2.8669	7.5574	1.1657	5.8616	26.6977
TRAESCS4A01G486000	0.1267	0.0776	1.365	0.1127	6.307	58.8405
TRAESCS4B01G029600	0.5696	0.1157	1.1819	1.0258	5.0333	18.2751
TRAESCS4B01G037900	0.3575	0.2481	0.5928	0.7542	8.2878	37.0975
TRAESCS4B01G046300	2.8695	2.9339	3.0057	3.3558	5.3025	8.0054
TRAESCS4B01G062500	35.0597	19.6601	20.0731	30.7539	96.9101	207.9283
TRAESCS4B01G071500	0.333	0.3101	0.7204	0.2769	7.0464	21.8544
TRAESCS4B01G094200	1.2171	1.2248	1.9017	1.3734	3.5479	7.4711
TRAESCS4B01G100800	1.0534	2.7367	2.7899	1.0669	8.6511	25.3045
TRAESCS4B01G144900	22.287	18.5225	35.2716	23.3624	68.2381	181.3513
TRAESCS4B01G167500	0.9353	1.9591	3.2394	0.7784	5.8312	13.7844
TRAESCS4B01G167600	4.0213	4.3358	3.8221	3.5977	7.6381	12.5441
TRAESCS4B01G204900	6.3797	6.2462	7.2562	7.4068	11.2395	17.1633
TRAESCS4B01G205200	12.9923	15.4736	23.1024	13.2991	30.6933	65.0205
TRAESCS4B01G205700	0.2699	0.3483	1.1489	0.703	3.3778	11.3988
TRAESCS4B01G206200	1.5224	1.3611	2.1252	1.3796	3.3778	5.8913
TRAESCS4B01G211600	0.9013	1.5617	1.0524	0.8929	2.9116	3.967
TRAESCS4B01G212200	0.5499	0.7249	0.5023	0.9553	17.4069	72.4902
TRAESCS4B01G212300	0.1415	0	0	0.2258	5.9522	33.245
TRAESCS4B01G229600	2.7243	2.6966	5.2134	3.4686	6.3924	13.3866
TRAESCS4B01G243100	7.8046	7.7048	10.0456	10.5296	24.3794	49.1515
TRAESCS4B01G250200	3.0292	1.8672	3.181	3.0065	7.2828	11.6957
TRAESCS4B01G288100	4.1198	1.3058	1.4675	3.6329	12.6895	15.9014
TRAESCS4B01G307900	2.0432	2.1024	3.0538	2.0941	3.8921	6.1455
TRAESCS4B01G324400	7.747	7.8143	9.8928	7.969	15.0672	32.0616
TRAESCS4B01G325900	8.37	10.1503	10.8555	7.9021	13.1752	18.151
TRAESCS4B01G346900	0.432	0.0712	0.5151	0.44	9.9774	79.7303
TRAESCS4B01G397700	4.2965	4.6014	5.5799	4.0715	8.8642	13.6472
TRAESCS4D01G035100	0.9124	0.7091	0.7329	1.06	2.5537	4.8397
TRAESCS4D01G035200	0.2102	0.1804	1.1824	0.3294	2.1559	6.2784
TRAESCS4D01G097400	0.9322	1.6107	2.4578	1.3956	9.2076	31.8493
TRAESCS4D01G098400	16.755	14.1441	20.7443	17.6425	73.1123	268.7593
TRAESCS4D01G108200	44.8453	46.9467	49.3598	48.9651	64.4703	87.6307
TRAESCS4D01G113800	4.1448	4.052	7.8381	3.8191	8.7595	17.3322
TRAESCS4D01G119400	0.3969	0.3146	0.3617	0.3649	3.8096	18.4025
TRAESCS4D01G127100	0.1288	0	0.3451	0.1267	1.6318	4.7839
TRAESCS4D01G151900	16.5043	16.0699	29.4095	20.683	58.7477	165.593
TRAESCS4D01G169800	1.4644	5.0698	6.2819	1.3541	6.8161	16.6951
TRAESCS4D01G175700	0.4006	0.6127	1.6061	0.3728	2.2885	5.048
TRAESCS4D01G181800	0.4174	0.3767	0.1189	0.4876	2.8663	5.904
TRAESCS4D01G192100	6.8611	7.199	10.76	7.443	11.857	14.9036
TRAESCS4D01G200200	5.2412	6.7714	6.7852	5.5732	9.7664	17.2789
TRAESCS4D01G227700	0.0841	0.0395	0.1631	0.0569	1.1482	2.4824
TRAESCS4D01G230700	3.4347	2.9155	4.2964	3.9099	6.2184	11.2185
TRAESCS4D01G236000	1.4712	4.4013	5.3525	1.4019	4.7215	11.4125
TRAESCS4D01G237700	0.5413	0.3675	0.5102	0.3724	2.0284	4.8419
TRAESCS4D01G250100	3.1806	2.7526	3.3258	3.8074	9.2843	16.0909
TRAESCS4D01G302500	0.8033	2.559	5.5073	1.3562	4.2588	13.6091
TRAESCS4D01G309000	22.0473	44.5329	74.1443	19.0645	54.3498	73.0015
TRAESCS4D01G331100	5.0909	4.4185	4.3877	5.5903	11.2518	16.5147
TRAESCS4D01G339000	1.9988	0.9499	1.3059	1.8065	8.4168	34.2042
TRAESCS4D01G341800	0.3288	0.3825	0.7362	0.8891	15.2732	80.7134
TRAESCS5A01G003200	1.7775	2.1872	2.7705	2.1464	3.8839	7.8086
TRAESCS5A01G015900	4.6067	5.2816	6.0466	4.8581	9.0037	15.1191
TRAESCS5A01G053700	1.0189	0.9278	1.3473	0.9522	4.27	7.9833
TRAESCS5A01G071100	3.2272	3.131	4.1905	3.7861	6.3023	11.1544
TRAESCS5A01G089500	8.4492	8.0302	13.2242	7.9442	16.1296	28.2283
TRAESCS5A01G142700	2.1272	1.7461	1.0233	2.84	15.0345	25.6448
TRAESCS5A01G156800	4.6616	4.5152	5.4374	4.3548	8.8379	13.8705
TRAESCS5A01G159600	1.2791	1.8931	3.1144	1.8124	5.453	12.912
TRAESCS5A01G169400	1.6792	2.3308	4.3885	1.384	5.4356	9.2543
TRAESCS5A01G179000	2.6182	2.5801	3.9159	4.3189	21.9377	34.7328
TRAESCS5A01G181800	19.177	20.1062	24.4044	23.2853	93.6054	453.361
TRAESCS5A01G206600	0.4135	0.5879	1.5229	0.9474	4.6284	12.5246
TRAESCS5A01G212800	0.0836	0.0539	0.1105	0.1583	3.2072	15.9722
TRAESCS5A01G213600	5.5889	3.8227	6.1103	3.3644	64.1414	481.2737
TRAESCS5A01G237200	1.5422	2.147	2.6119	1.6761	4.126	5.6142
TRAESCS5A01G262500	0.2432	1.7812	4.8682	0.4972	17.3563	107.1145
TRAESCS5A01G267500	4.8282	4.9202	7.2218	5.8292	19.7327	33.204
TRAESCS5A01G292400	4.7126	4.9198	5.4607	5.3894	10.4091	14.1248
TRAESCS5A01G354800	0.1756	0.1157	0.1225	0.1601	0.8083	1.4955
TRAESCS5A01G359800	15.2234	15.1858	19.0174	16.1624	30.6054	50.1597
TRAESCS5A01G359900	6.0338	5.3646	7.2217	5.5979	10.8781	13.5077
TRAESCS5A01G366100	6.8139	7.4342	9.8355	6.336	14.1486	16.7643
TRAESCS5A01G374500	0.6888	0.5709	1.1615	1.0981	4.3386	17.3957
TRAESCS5A01G383300	1.4876	1.3974	1.7484	1.458	2.8095	3.5579
TRAESCS5A01G394900	0.9152	0.7654	3.9267	0.7293	6.8661	38.9111
TRAESCS5A01G403200	0.0315	0.083	0.2924	0.143	1.895	6.2974
TRAESCS5A01G416400	12.5957	12.2111	18.6008	14.2923	28.3038	40.8717
TRAESCS5A01G456800	34.9711	42.9875	45.6519	40.9822	71.312	97.9371
TRAESCS5A01G482400	1.5733	1.7336	2.1042	1.4694	7.1806	20.51
TRAESCS5B01G003900	2.5798	1.5268	2.2042	2.5849	5.4144	12.6686
TRAESCS5B01G007000	0.1732	0	0.2507	0.0789	1.992	7.7917
TRAESCS5B01G012300	70.4986	73.0144	87.9626	67.9244	215.0317	618.2347
TRAESCS5B01G106900	1.1448	1.9385	2.9177	1.5383	4.5729	11.2733
TRAESCS5B01G121400	2.7359	1.8594	4.3148	3.2271	11.3782	28.5739
TRAESCS5B01G152600	0.4627	0.1714	0.2305	0.4971	3.8658	15.581
TRAESCS5B01G155100	2.2123	2.7149	2.9527	2.8532	6.1741	7.3194
TRAESCS5B01G179800	27.3723	14.7229	15.9214	32.3717	82.7116	260.434
TRAESCS5B01G203400	8.2133	10.6765	11.2342	8.9837	19.8864	23.3137
TRAESCS5B01G204800	1.8578	2.1168	4.6783	2.336	8.9871	23.3869
TRAESCS5B01G207200	8.9804	8.1152	9.1612	8.7054	15.9248	24.4817
TRAESCS5B01G219600	0.5079	1.4834	2.1939	0.6761	1.725	3.7666
TRAESCS5B01G226500	9.1868	13.5783	21.1413	10.1476	18.0726	23.1178
TRAESCS5B01G362100	14.4603	12.8529	15.6118	15.0942	29.2529	46.7701
TRAESCS5B01G368500	2.26	3.192	4.299	2.3649	5.5686	7.2307
TRAESCS5B01G368600	2.9013	2.7462	3.4463	3.0198	6.0245	8.6924
TRAESCS5B01G390500	6.9851	6.7059	9.483	7.1467	11.6349	16.8971
TRAESCS5B01G399800	1.3729	1.1279	6.1448	1.8428	23.4033	142.746
TRAESCS5B01G399900	0.1913	0.2073	0.3806	0.2659	1.3332	3.9063
TRAESCS5B01G401400	4.7395	4.4595	4.4345	4.5601	7.8883	8.9783
TRAESCS5B01G404600	0.0992	0	0.0207	0.1814	2.4849	11.8319
TRAESCS5B01G408000	0.1677	0.245	0.3697	0.4199	1.8798	3.8324
TRAESCS5B01G452600	2.3297	2.1174	2.428	2.7941	4.4975	7.3864
TRAESCS5B01G476900	0.7777	0.8542	0.984	1.0359	16.1037	43.2536
TRAESCS5B01G479900	5.1513	8.6792	17.32	5.4117	14.1632	29.1356
TRAESCS5B01G495500	2.7518	2.7008	3.2634	2.1162	8.169	16.3342
TRAESCS5B01G516000	6.5569	9.7339	14.3807	9.9949	23.2923	51.683
TRAESCS5B01G531400	5.0095	5.6921	6.945	5.1657	15.4467	25.5222
TRAESCS5D01G000500	5.4525	3.9825	6.0158	6.3075	10.9651	19.298
TRAESCS5D01G019400	0.8143	1.2569	2.3374	1.3932	4.7307	17.1842
TRAESCS5D01G093900	6.0505	6.6694	10.271	6.1822	11.4067	19.7004
TRAESCS5D01G101600	15.3744	16.5504	24.6794	16.1368	32.5809	57.0466
TRAESCS5D01G106000	0.9281	0.9608	1.0581	0.8014	1.7094	2.4384
TRAESCS5D01G145300	0.7432	2.0681	7.116	1.7619	12.1092	39.7217
TRAESCS5D01G179100	3.2796	4.3533	5.3885	3.2356	6.4586	10.7102
TRAESCS5D01G183500	3.3772	1.7602	2.1972	4.0968	23.1481	40.0744
TRAESCS5D01G186200	16.4383	12.0505	14.1903	18.5789	83.3757	436.5613
TRAESCS5D01G191500	2.446	2.6864	5.8178	2.4462	9.0654	32.2026
TRAESCS5D01G212800	1.1289	0.9596	4.376	1.2949	9.2355	25.5513
TRAESCS5D01G218400	1.6334	1.002	1.4668	1.0574	39.9495	395.1707
TRAESCS5D01G241200	7.1794	6.2989	8.071	4.5206	24.7017	76.6343
TRAESCS5D01G259100	7.9396	10.902	11.6472	7.8465	18.9962	25.5647
TRAESCS5D01G275300	7.3925	6.9336	8.878	9.4552	18.8027	26.8916
TRAESCS5D01G312000	0.4469	0.5874	1.0031	0.8725	4.0416	9.4478
TRAESCS5D01G340200	0.7213	0.5971	0.7042	0.8856	1.953	3.3532
TRAESCS5D01G342000	0.0807	0	0	0.2235	8.3357	47.2668
TRAESCS5D01G383500	0.0805	0.0926	0.288	0.0824	0.6141	1.1545
TRAESCS5D01G383900	9.5826	10.2145	10.7473	9.1244	15.4342	20.0245
TRAESCS5D01G386900	0.9665	2.4093	3.9705	0.9988	5.046	6.2839
TRAESCS5D01G404300	0.8865	1.1172	4.328	0.9024	15.6416	94.9707
TRAESCS5D01G404600	0.8995	1.0107	1.627	1.0369	3.8519	6.807
TRAESCS5D01G413200	0.3452	0.3313	0.4175	0.4186	3.1545	9.5414
TRAESCS5D01G434100	31.8477	34.2445	49.8319	30.5219	74.1396	128.3567
TRAESCS5D01G477700	1.0906	0.8703	0.9923	1.1656	14.0309	42.066
TRAESCS5D01G516100	3.8801	6.2527	8.1286	6.1837	19.4922	64.2818
TRAESCS6A01G001500	0.203	0.7773	1.2808	0.6739	2.2152	5.4757
TRAESCS6A01G011700	1.9814	2.7376	3.8312	2.2191	7.716	12.7948
TRAESCS6A01G026600	2.9443	2.7943	4.126	3.5462	8.0727	14.3965
TRAESCS6A01G042600	9.4051	9.5587	18.2311	8.331	30.6565	93.69
TRAESCS6A01G101800	31.2554	33.5286	50.6938	27.1453	66.9201	161.5593
TRAESCS6A01G101900	10.2773	10.9628	13.7119	8.1061	19.8562	41.0384
TRAESCS6A01G113800	14.189	15.0423	21.0063	15.7147	28.0643	40.4659
TRAESCS6A01G116200	20.7094	19.6573	26.8728	23.8576	37.9344	55.8196
TRAESCS6A01G132400	0.3455	0.1173	0.3588	0.3713	1.6582	3.7123
TRAESCS6A01G169300	22.7944	34.0423	44.8375	28.2757	47.6501	81.2303
TRAESCS6A01G173700	2.3518	1.3368	5.9228	3.9297	20.6911	93.2889
TRAESCS6A01G182000	0.7159	0.5191	1.2972	0.7409	2.6124	6.7744
TRAESCS6A01G195800	1.4715	1.1421	2.1343	1.5724	4.0738	8.5792
TRAESCS6A01G215900	0.5165	0.3712	0.7587	0.3294	3.3272	8.9515
TRAESCS6A01G257500	5.356	4.792	4.7279	4.4928	11.6613	24.5006
TRAESCS6A01G285100	3.7973	3.9562	6.3928	4.5669	10.4278	21.968
TRAESCS6A01G299200	4.8003	3.7702	6.0352	4.9726	26.3007	79.1574
TRAESCS6A01G309200	7.3871	7.3509	8.0999	7.0533	10.3449	12.9081
TRAESCS6A01G311400	0.6301	0.8422	0.8616	0.6447	1.3656	2.069
TRAESCS6A01G334800	2.9605	1.2957	3.0935	3.113	35.5421	158.5787
TRAESCS6A01G337100	7.8867	10.8029	27.0153	7.9244	27.6947	92.7506
TRAESCS6A01G342400	0.7333	1.4563	1.3869	0.9758	3.2874	4.8831
TRAESCS6A01G343300	3.4658	3.3071	4.921	3.3329	6.0258	9.6057
TRAESCS6A01G344000	5.3145	1.4076	2.2938	3.1857	50.1988	425.8407
TRAESCS6A01G348400	0.358	0.2059	0.0672	0.1961	4.6407	13.1405
TRAESCS6A01G357200	15.0132	20.1173	21.0049	16.2268	31.8565	38.8222
TRAESCS6A01G361000	0.5256	1.1173	2.06	1.0078	3.5332	14.9592
TRAESCS6A01G396400	31.02	29.8942	34.6213	27.3818	53.1667	80.0056
TRAESCS6A01G420100	9.6771	8.3543	10.7961	9.2419	13.5992	19.6675
TRAESCS6B01G037200	3.0302	2.8972	3.4265	3.5898	6.6455	10.4238
TRAESCS6B01G041200	0.5219	0.2912	1.1977	0.5104	1.3852	2.4263
TRAESCS6B01G058300	7.4886	7.407	13.2865	7.4143	25.5114	72.8636
TRAESCS6B01G073600	26.2419	26.5648	33.396	24.222	47.891	71.3836
TRAESCS6B01G080700	8.4921	5.3763	6.1547	8.4218	23.8827	68.6393
TRAESCS6B01G094600	7.5417	8.4283	10.3633	7.451	11.5044	17.083
TRAESCS6B01G129800	15.9925	14.8826	22.3181	14.0623	35.8372	66.1354
TRAESCS6B01G130100	14.2117	16.6007	18.7524	11.4751	29.3377	58.9056
TRAESCS6B01G140700	11.0689	10.7176	17.0104	10.8446	20.1602	29.5227
TRAESCS6B01G141300	0.4431	0.2141	0.1979	0.481	0.8806	1.3486
TRAESCS6B01G154800	0.4008	0.1476	0.7477	0.5573	1.3742	1.4093
TRAESCS6B01G174500	0.2538	0.4734	0.6778	0.3628	1.7408	5.456
TRAESCS6B01G201600	0.4932	0.5242	3.6519	0.7272	19.4682	141.619
TRAESCS6B01G223200	1.1141	0.829	1.4198	1.0457	2.437	3.855
TRAESCS6B01G241000	2.2744	2.0488	1.8357	2.9702	6.8509	11.1956
TRAESCS6B01G247000	0.8258	0.5236	0.4271	0.7339	3.4489	7.0976
TRAESCS6B01G276700	20.2161	25.5139	36.8464	21.2826	49.7743	118.5487
TRAESCS6B01G284000	1.2648	1.4881	3.0408	2.2449	8.1479	22.6394
TRAESCS6B01G310100	32.0179	29.7573	40.3301	40.1591	62.4649	112.254
TRAESCS6B01G313900	2.4056	2.227	3.8902	2.4388	6.1376	10.2549
TRAESCS6B01G362700	0.167	0.1817	0.3538	0.1786	1.1122	1.8151
TRAESCS6B01G364000	3.2131	3.2298	3.5629	3.1317	9.6843	17.7144
TRAESCS6B01G365200	1.0321	0.3398	0.8365	0.8979	10.9926	55.5253
TRAESCS6B01G367800	5.6083	7.7499	16.0177	5.2361	17.795	44.9711
TRAESCS6B01G376500	18.1283	24.2928	28.214	18.514	34.0807	63.54
TRAESCS6B01G382000	1.9394	1.5145	2.1049	1.5007	10.1286	23.3619
TRAESCS6B01G412300	0.568	0.9345	1.7869	0.8349	2.905	8.3962
TRAESCS6B01G413000	7.3969	6.614	8.8957	7.0927	13.6153	23.2337
TRAESCS6B01G440000	2.645	2.5613	5.0204	2.5292	6.9959	11.331
TRAESCS6D01G030400	3.5356	3.9588	4.5244	3.8005	8.1107	15.1362
TRAESCS6D01G049100	22.6677	24.7486	44.088	22.4397	76.9203	210.0287
TRAESCS6D01G057800	3.5803	12.3046	21.6315	5.6079	21.6183	56.4696
TRAESCS6D01G064400	26.3115	23.2344	17.3431	25.9009	46.5051	82.4479
TRAESCS6D01G090200	37.9204	37.3097	53.6748	32.0218	81.2916	168.047
TRAESCS6D01G090400	10.2131	10.9789	14.6643	8.8832	22.2945	48.964
TRAESCS6D01G144400	1.3806	3.5527	6.5147	1.4334	8.4351	29.6322
TRAESCS6D01G162800	1.1744	1.5364	4.6689	1.2199	21.1285	114.3265
TRAESCS6D01G204800	0.2337	0.2391	0	0.1517	5.0516	25.4221
TRAESCS6D01G221000	9.1279	10.1937	15.6542	8.7725	17.5505	29.9581
TRAESCS6D01G245000	1.1304	1.3474	1.5319	1.3293	3.1098	5.9129
TRAESCS6D01G287800	0.8595	0.6048	1.1897	1.1875	2.7907	5.7631
TRAESCS6D01G288300	2.3184	1.924	3.592	2.2563	5.2495	7.3656
TRAESCS6D01G314300	3.2121	1.3806	1.3671	3.0234	30.7248	108.4017
TRAESCS6D01G339200	18.6869	25.1009	34.1413	19.2033	43.8363	100.8347
TRAESCS6D01G350200	16.5002	21.5229	20.8909	19.1771	30.0993	44.339
TRAESCS6D01G376900	5.2331	4.2907	6.8538	5.5262	16.0804	43.5723
TRAESCS6D01G388500	8.8663	11.3461	8.5875	10.2073	19.5519	25.6791
TRAESCS6D01G390200	8.4316	13.2828	14.9218	9.1893	14.5484	21.2032
TRAESCS6D01G393200	1.2987	1.1792	0.5824	1.9963	5.2967	9.5472
TRAESCS7A01G009900	1.8221	1.965	2.0342	1.9123	3.5573	5.5931
TRAESCS7A01G030900	8.857	9.189	11.5968	10.4127	16.5026	25.6147
TRAESCS7A01G033100	0.5605	0.2867	0.8141	0.6159	1.3495	2.2976
TRAESCS7A01G104800	5.8681	5.1014	5.9019	6.6662	11.6682	18.8118
TRAESCS7A01G107100	4.8263	4.4362	5.9729	5.0827	10.1033	14.7779
TRAESCS7A01G127600	1.8088	2.1815	7.1815	2.28	12.2874	40.7169
TRAESCS7A01G145100	1.0312	1.4861	1.8473	0.8101	3.0825	6.6752
TRAESCS7A01G168400	7.2648	9.273	9.4704	7.5278	15.0736	22.3967
TRAESCS7A01G170600	0.0494	0.268	0.3052	0.18	0.9327	1.8796
TRAESCS7A01G180100	1.5094	1.5035	2.9023	2.2158	5.3534	12.6161
TRAESCS7A01G190200	8.8502	8.7727	14.4903	11.9596	22.5189	33.6825
TRAESCS7A01G230500	1.3697	1.7256	4.7241	1.4234	5.409	14.4262
TRAESCS7A01G232200	3.3241	3.4652	4.8449	4.3152	10.5282	25.8939
TRAESCS7A01G235500	1.2353	1.5912	1.7869	1.7562	3.2753	4.7882
TRAESCS7A01G236400	3.5091	4.8953	5.0458	3.7712	16.4303	25.585
TRAESCS7A01G242200	6.867	7.6936	17.1479	5.2396	30.4567	56.4118
TRAESCS7A01G254800	1.2526	1.3334	1.9308	1.5093	5.6652	14.8435
TRAESCS7A01G268900	2.0853	1.7659	2.0674	2.3387	4.3215	6.9032
TRAESCS7A01G272500	32.4559	30.8272	50.2752	32.4269	82.5842	174.212
TRAESCS7A01G299600	5.0309	5.2591	6.4852	4.7125	7.7355	9.6539
TRAESCS7A01G306600	0.9272	1.0763	3.2382	0.8344	11.8885	63.3842
TRAESCS7A01G314000	10.3828	13.1528	18.9342	11.9249	19.1452	27.7312
TRAESCS7A01G316900	9.5466	8.869	10.8675	9.9362	17.1778	22.08
TRAESCS7A01G317600	5.74	5.7211	6.4322	6.3199	8.9816	11.0755
TRAESCS7A01G332000	27.6209	25.8833	24.4489	24.906	48.6732	86.6982
TRAESCS7A01G338900	9.3318	20.5531	46.9251	7.2448	49.9678	132.4657
TRAESCS7A01G365900	1.0228	1.1577	0.9994	1.1605	1.926	3.2364
TRAESCS7A01G380700	2.0725	1.6112	2.1874	2.3021	4.5775	7.1108
TRAESCS7A01G393600	1.6313	1.825	2.7924	2.1203	4.7534	9.4992
TRAESCS7A01G412400	3.9597	4.3159	7.1022	4.1915	11.9928	35.5018
TRAESCS7A01G424300	2.0349	3.4367	2.9019	2.5962	6.4216	11.2547
TRAESCS7A01G451100	0.0286	0.1364	0	0.2238	5.3069	15.0038
TRAESCS7A01G546400	19.8302	21.2564	20.596	20.9966	33.2486	43.9982
TRAESCS7A01G553100	5.9263	5.6652	6.1688	6.3075	9.3421	12.6015
TRAESCS7B01G027200	2.5542	1.7389	5.3413	3.5039	13.2273	31.9545
TRAESCS7B01G030800	5.6141	7.3342	7.3295	7.1179	12.9474	23.128
TRAESCS7B01G038300	0.0452	0.0318	0.4087	0.1522	1.113	2.5393
TRAESCS7B01G042600	12.4266	6.9391	14.0324	14.4769	45.8635	162.4483
TRAESCS7B01G077300	0.1058	0.1314	0	0.4379	2.8823	6.2758
TRAESCS7B01G133800	1.7788	0.9964	2.4944	2.232	4.113	7.5309
TRAESCS7B01G140400	1.2077	1.2046	1.0558	1.7509	3.7608	6.8861
TRAESCS7B01G149200	11.1633	13.3346	23.9227	9.2737	43.8664	77.9045
TRAESCS7B01G150900	2.1062	1.2617	4.3834	1.9879	6.2835	16.218
TRAESCS7B01G164700	5.7895	4.9826	5.6357	5.7225	14.7223	24.597
TRAESCS7B01G169600	8.0434	7.4373	17.0534	8.2582	26.0948	57.399
TRAESCS7B01G187500	3.724	1.6504	3.2157	3.7761	6.9991	13.8692
TRAESCS7B01G206900	1.9118	1.563	3.7685	1.375	14.2785	65.7675
TRAESCS7B01G213300	25.1294	26.3777	33.9851	27.1029	46.2449	90.1184
TRAESCS7B01G218000	8.0225	9.395	6.9462	8.1716	14.5357	20.0154
TRAESCS7B01G219800	9.5197	11.4295	16.5579	13.7418	27.6533	51.5602
TRAESCS7B01G232700	16.8933	18.4373	15.4153	12.6356	46.9029	92.6739
TRAESCS7B01G250200	8.8351	18.6461	43.2	5.28	43.575	105.974
TRAESCS7B01G270900	1.7308	2.0695	3.3732	1.9415	9.6045	19.1152
TRAESCS7B01G273300	3.0173	2.6606	5.139	3.4298	10.623	24.3474
TRAESCS7B01G274100	1.9537	3.4537	6.2694	1.7676	5.451	13.9366
TRAESCS7B01G274700	2.3483	2.363	3.1401	2.8229	6.5889	11.3905
TRAESCS7B01G277900	1.244	2.1291	3.7238	1.6651	4.5432	7.2268
TRAESCS7B01G280400	26.0491	31.9737	32.4981	25.4793	42.6513	64.2117
TRAESCS7B01G283800	0.3719	0.1563	0.1431	0.2948	2.7831	8.5169
TRAESCS7B01G289400	1.9405	1.841	2.3492	2.2745	4.54	8.3794
TRAESCS7B01G311600	2.536	2.4516	4.9691	2.6046	10.7668	51.5174
TRAESCS7B01G322600	0.5616	0.7084	1.6757	0.7784	2.2424	4.0691
TRAESCS7D01G009600	2.1466	2.1175	2.7433	2.2881	4.657	7.3274
TRAESCS7D01G071200	0.0372	0.7761	0.7135	0.3221	7.3477	36.8609
TRAESCS7D01G078000	17.2372	15.4732	21.9762	15.6585	28.7107	45.9664
TRAESCS7D01G137200	0.8393	1.0953	6.9429	1.038	30.965	71.5047
TRAESCS7D01G146400	1.2396	1.7595	3.0787	1.0568	2.903	5.4961
TRAESCS7D01G160300	2.4841	2.3046	3.5205	3.2909	8.5898	24.7049
TRAESCS7D01G165800	0.7967	0.732	0.8794	0.7519	2.5622	6.4406
TRAESCS7D01G241100	14.8028	14.2009	32.2207	11.4767	38.4796	68.9554
TRAESCS7D01G248000	4.7794	6.0295	7.2439	4.8548	6.9211	8.785
TRAESCS7D01G266100	1.0293	0.9673	0.6582	1.0633	2.7953	5.087
TRAESCS7D01G272700	17.9196	17.5121	27.4254	15.5691	52.115	136.1027
TRAESCS7D01G303500	1.4085	1.0722	3.496	0.8418	10.7835	48.1039
TRAESCS7D01G310300	0.583	0.4199	0.3247	0.648	2.0492	6.635
TRAESCS7D01G313900	9.13	7.3039	10.852	10.4172	15.5364	20.7124
TRAESCS7D01G315800	14.0439	12.6955	14.2311	15.7544	30.2779	37.8783
TRAESCS7D01G328500	14.5671	19.2504	23.1243	10.6518	46.1324	116.593
TRAESCS7D01G338400	3.174	4.0563	3.1605	3.2379	5.6994	8.5577
TRAESCS7D01G341900	2.039	1.6135	4.4233	1.2731	7.4283	19.2314
TRAESCS7D01G346100	5.8921	17.294	61.8251	4.243	50.7572	143.3033
TRAESCS7D01G358000	0.3151	0.2193	0.7101	0.5735	6.5287	22.0695
TRAESCS7D01G360700	0.511	0.1476	0.3887	0.6787	2.6579	3.6428
TRAESCS7D01G365800	2.5892	3.7071	3.4035	3.6714	19.87	67.5846
TRAESCS7D01G375500	20.8094	26.4303	31.1375	22.4471	37.5203	58.6814
TRAESCS7D01G405500	4.0607	3.3293	6.1975	4.0089	11.6666	37.083
TRAESCS7D01G440200	0.5598	0.2497	0.7198	0.348	3.702	9.1727
TRAESCS7D01G454200	7.6211	5.6118	9.2534	9.3757	17.3498	29.4889
TRAESCS7D01G458300	2.8853	2.2916	3.3296	2.7646	5.3992	9.3382
TRAESCS7D01G463000	0.1634	0.5444	0.2766	0.3029	1.8947	3.186
TRAESCS7D01G471700	3.1867	3.4956	7.2679	3.4726	7.4564	11.0316
TRAESCSU01G031200	0.6749	0.9994	0.8995	1.0285	2.9794	4.4961
TRAESCSU01G126700	9.2199	10.7343	12.5156	10.2955	14.9849	18.2667
TRAESCSU01G136300	11.248	12.3962	11.3242	10.2589	20.3761	30.7827