geneid	2dpi_mock	4dpi_mock	6dpi_mock	2dpi_inoc	4dpi_inoc	6dpi_inoc
TRAESCS1A01G047000	2.347	3.3037	5.3751	1.7657	5.194	11.8865
TRAESCS1A01G089500	12.7487	22.0369	15.7446	12.7466	57.9346	429.65
TRAESCS1A01G091200	2.1588	2.4274	2.6812	2.5421	4.5895	8.3096
TRAESCS1A01G112100	1.9581	1.4701	2.984	1.8239	5.8179	20.1814
TRAESCS1A01G120100	2.7343	1.952	3.5554	2.2853	8.1727	31.8393
TRAESCS1A01G122500	3.2632	3.281	8.623	3.3785	10.308	24.3872
TRAESCS1A01G122700	25.4379	25.1451	26.7646	22.1466	42.1152	78.6855
TRAESCS1A01G138400	2.5214	2.394	3.3855	2.018	3.8827	8.7568
TRAESCS1A01G139400	2.3173	2.0405	2.0243	2.2944	3.6587	6.8721
TRAESCS1A01G145000	2.1361	1.8651	2.8892	2.6442	5.3339	19.3637
TRAESCS1A01G150100	2.5378	1.0486	1.9974	2.117	5.6752	16.0763
TRAESCS1A01G155200	198.433	218.5267	231.8357	200.0263	255.4173	348.2027
TRAESCS1A01G158700	11.1797	9.1864	11.2866	10.4427	19.5618	40.2361
TRAESCS1A01G170400	3.9345	4.0054	4.5669	3.4613	5.605	9.3255
TRAESCS1A01G178100	0.4574	0.294	0.5754	0.4575	1.0483	1.7218
TRAESCS1A01G181000	0.318	0.1364	0.3399	0.3994	6.0354	48.5598
TRAESCS1A01G183000	0.2359	0.2866	0.2659	0.189	1.6727	8.8074
TRAESCS1A01G183800	7.8607	5.9985	8.5398	6.9847	12.3837	22.4435
TRAESCS1A01G197600	11.1161	10.9138	14.0462	10.0185	18.1891	30.4684
TRAESCS1A01G198300	0.1918	0.0527	0.4839	0.146	0.6544	1.6107
TRAESCS1A01G206700	4.2113	4.7266	5.6505	3.8158	5.6441	8.0898
TRAESCS1A01G230400	5.5446	5.8321	13.0902	6.8446	21.2077	106.844
TRAESCS1A01G231100	3.9041	2.9911	3.6386	3.0198	8.2941	16.8111
TRAESCS1A01G246400	6.0273	5.1819	5.0635	4.4087	11.3746	29.0226
TRAESCS1A01G253200	0.1458	0.1027	0.4181	0.0888	2.2957	13.5183
TRAESCS1A01G279100	20.3929	23.001	26.2486	18.3951	35.0394	53.5093
TRAESCS1A01G287500	0.4916	0.4227	0.6805	0.7017	1.4681	5.7744
TRAESCS1A01G309700	1.2594	1.2541	2.0704	1.3133	7.4353	21.7979
TRAESCS1A01G316900	128.0507	138.6717	156.378	127.0293	193.025	311.2547
TRAESCS1A01G325400	2.52	2.095	2.9342	1.8928	6.6586	12.8637
TRAESCS1A01G330600	4.2375	3.3517	4.7497	3.6757	6.2495	12.6214
TRAESCS1A01G339900	3.8637	3.907	4.9974	3.4236	6.0402	11.7778
TRAESCS1A01G350200	69.3197	69.8867	87.0151	80.9391	135.5267	281.2173
TRAESCS1A01G355500	2.45	1.9318	2.4313	1.8899	4.9201	13.1043
TRAESCS1A01G369700	9.0309	9.115	12.5955	8.3763	15.1482	23.4541
TRAESCS1A01G403900	7.6408	6.2839	7.2068	7.6294	10.1303	14.9288
TRAESCS1A01G427100	2.5	1.8422	0.8173	3.0292	6.9047	36.2138
TRAESCS1B01G024500	19.1006	18.2173	29.7736	19.3183	38.7928	63.2138
TRAESCS1B01G030800	5.8337	5.8244	6.1472	5.4613	8.2639	14.3629
TRAESCS1B01G060700	3.0257	4.337	8.1409	3.1156	6.2169	11.7934
TRAESCS1B01G088900	0.5462	0.2987	1.6177	0.5943	2.8016	10.1868
TRAESCS1B01G119000	1.822	1.9836	2.9289	2.0584	3.9794	7.0965
TRAESCS1B01G123000	0.6177	0.4436	0.926	0.593	1.1266	2.2464
TRAESCS1B01G139500	2.3634	1.8549	3.7572	2.0321	7.3681	29.459
TRAESCS1B01G145000	0.169	0	0.5366	0.2992	2.0449	6.1867
TRAESCS1B01G154200	6.7852	5.8737	6.4061	6.6244	9.6489	16.915
TRAESCS1B01G164000	4.6599	2.9175	6.6917	3.1387	29.4499	86.0426
TRAESCS1B01G173400	0.0937	0.182	0	0.1892	2.9174	13.3694
TRAESCS1B01G174700	6.3226	5.745	6.0229	6.0513	11.1519	23.1204
TRAESCS1B01G202500	0.898	1.241	2.2413	0.7451	2.041	6.9157
TRAESCS1B01G205300	5.005	4.3676	5.8829	4.8713	9.3204	19.7364
TRAESCS1B01G226300	6.9453	6.6408	8.3832	5.6473	9.1127	14.5504
TRAESCS1B01G238200	5.0581	5.1718	2.9694	4.8596	9.1401	20.4163
TRAESCS1B01G242700	0.0804	0.0501	0.5232	0.2421	1.5073	7.6414
TRAESCS1B01G250300	1.0251	1.166	1.317	1.0235	2.1006	4.0697
TRAESCS1B01G257100	4.8327	5.7829	4.732	4.0549	11.1457	33.849
TRAESCS1B01G257500	15.193	12.6683	13.3893	12.5659	22.2733	38.5028
TRAESCS1B01G258300	3.1965	3.9603	3.9389	3.3825	6.091	14.4667
TRAESCS1B01G258700	0.4454	0.7826	0.3664	0.2337	0.7523	1.0231
TRAESCS1B01G267900	0.0641	0.0724	0.0265	0.0399	1.5218	4.9749
TRAESCS1B01G270100	0.0456	0	0	0.0919	1.1247	2.8224
TRAESCS1B01G290700	7.5524	7.0797	8.7177	5.9707	11.4939	20.4745
TRAESCS1B01G295500	0.4441	0.5037	0.7917	0.1749	3.4694	21.2085
TRAESCS1B01G299800	0.7027	1.1337	0.9207	0.9484	2.4246	6.1352
TRAESCS1B01G308900	0.2675	0.2839	0.6486	0.4999	9.5196	53.3879
TRAESCS1B01G316400	6.7741	6.5516	9.2552	5.909	12.1007	30.6355
TRAESCS1B01G352200	3.5835	3.6114	4.1397	3.3054	6.7472	13.2415
TRAESCS1B01G364200	0.2185	0.0602	0.2989	0.0519	2.4475	13.5219
TRAESCS1B01G374100	1.6851	1.079	1.524	1.6435	4.6664	9.1894
TRAESCS1B01G401800	9.5397	6.4746	8.1111	8.6885	14.2166	21.7463
TRAESCS1B01G410800	1.6352	1.2032	2.4752	1.4136	6.2529	20.5257
TRAESCS1B01G411700	12.3691	10.6467	12.8617	12.6664	17.097	29.4737
TRAESCS1B01G433400	10.8334	10.2	11.7187	11.5884	16.7458	24.4388
TRAESCS1D01G004600	0.1537	0.0745	0.0631	0.3108	0.9911	3.069
TRAESCS1D01G005200	0.9396	0.825	1.3703	0.9877	1.7868	4.5084
TRAESCS1D01G017500	0.2263	0.352	1.2161	0.4401	2.3361	7.3983
TRAESCS1D01G024400	4.9472	4.4794	4.4785	4.175	7.8656	17.5734
TRAESCS1D01G061100	0.546	0.2151	0.0984	0.4184	1.0665	2.1741
TRAESCS1D01G067800	1.1271	1.0699	3.1661	0.9788	6.2354	38.2252
TRAESCS1D01G071800	0.557	0.4429	0.7215	0.4079	1.8496	5.7775
TRAESCS1D01G078400	0.8187	0.5151	0.4172	0.6785	1.5091	2.8587
TRAESCS1D01G107200	8.7099	6.0006	9.0488	7.4508	13.8754	23.9938
TRAESCS1D01G108300	57.7197	38.7655	40.3049	54.4353	83.6514	116.453
TRAESCS1D01G120000	0.4365	0.2951	0.5823	0.3288	5.2816	25.7391
TRAESCS1D01G121000	2.0747	1.4229	2.5603	1.6563	7.0745	28.056
TRAESCS1D01G123600	21.5873	23.2671	24.9908	20.2225	37.7967	68.2034
TRAESCS1D01G124000	8.8035	13.5083	23.0987	10.6999	32.7155	114.0916
TRAESCS1D01G131500	9.1564	7.8179	9.494	8.9138	14.3781	19.1412
TRAESCS1D01G139400	2.5663	12.966	15.2803	3.195	16.4379	55.2306
TRAESCS1D01G144400	0.4858	0	1.726	0.2361	17.7421	69.277
TRAESCS1D01G155000	1.8625	1.7187	1.9516	1.3074	4.1663	21.4218
TRAESCS1D01G156000	11.5874	9.7882	11.4918	9.9619	17.8079	36.4156
TRAESCS1D01G164100	0.6212	0.3539	0.7991	0.3275	1.4902	5.7372
TRAESCS1D01G166900	11.0916	12.6764	17.4807	9.9685	16.799	25.5986
TRAESCS1D01G192900	5.6212	4.4326	6.1876	5.1437	12.1746	27.4683
TRAESCS1D01G199700	6.5278	6.735	6.8432	6.8341	12.4992	23.6021
TRAESCS1D01G200300	0.7645	0.2801	0.2669	0.748	1.8222	4.3262
TRAESCS1D01G223700	20.6258	18.8007	15.2179	18.9633	27.5639	43.9485
TRAESCS1D01G225400	20.8034	19.8741	21.7626	19.3726	29.1609	50.6174
TRAESCS1D01G227300	36.4576	34.3745	40.5686	42.6606	67.9378	118.0953
TRAESCS1D01G236500	22.7751	17.5679	22.7797	24.5211	40.3634	85.5981
TRAESCS1D01G247600	3.1722	4.3084	5.6893	3.2232	4.8213	8.1748
TRAESCS1D01G250500	13.0496	14.9824	12.4235	13.191	19.6738	28.5596
TRAESCS1D01G250700	3.2956	2.8409	3.1862	2.4818	5.1658	12.8759
TRAESCS1D01G251500	5.102	5.3053	6.1671	4.9978	7.656	13.9297
TRAESCS1D01G264500	1.3947	4.9158	9.208	1.0221	4.9427	19.4481
TRAESCS1D01G280800	8.4638	7.9234	8.8924	7.1487	12.2579	25.6666
TRAESCS1D01G281100	0.2137	0.1658	0.2723	0.2205	0.7312	0.7427
TRAESCS1D01G285200	31.18	35.7945	35.8213	27.7532	49.3259	78.0394
TRAESCS1D01G292100	0.5393	0.3313	0.5038	0.6269	3.6715	29.821
TRAESCS1D01G293400	1.1853	1.2334	1.3175	1.1171	1.9073	3.5907
TRAESCS1D01G327000	7.1083	7.1646	9.6229	6.2029	14.9602	37.2027
TRAESCS1D01G336300	1.2865	1.1657	3.4089	1.1135	6.0756	24.924
TRAESCS1D01G353100	56.8904	57.2145	81.4109	70.2975	144.0233	348.794
TRAESCS1D01G354900	2.7634	1.4763	2.9138	2.1552	5.0556	11.4992
TRAESCS1D01G362700	10.7717	8.7782	8.6048	8.7728	13.7245	22.7137
TRAESCS1D01G375800	11.067	12.9676	14.4209	10.5415	16.9977	23.5637
TRAESCS1D01G387200	18.7826	13.1068	14.2126	15.8901	26.2517	44.6989
TRAESCS1D01G397600	4.0357	4.0587	4.6412	3.2204	8.4829	17.0995
TRAESCS1D01G399000	3.9022	2.8405	3.8398	3.547	7.4124	24.4413
TRAESCS1D01G403700	3.5424	3.1047	3.561	3.2648	4.5251	6.2004
TRAESCS1D01G404600	0.0993	0.7475	2.0268	0.2079	1.8516	12.2799
TRAESCS1D01G426000	5.0528	5.7957	9.664	4.575	13.8527	42.4219
TRAESCS1D01G449200	23.7779	18.3589	19.1923	21.8632	30.7416	49.8233
TRAESCS2A01G035700	0.5264	0.3124	0.4524	0.1834	1.4032	5.5692
TRAESCS2A01G040100	12.7617	11.0754	16.8486	12.0279	28.7645	72.3326
TRAESCS2A01G048600	0.2447	0.8859	4.0306	0.13	1.3847	7.2758
TRAESCS2A01G072500	4.0911	3.7855	4.5446	3.4106	5.7416	9.5077
TRAESCS2A01G102100	1.6284	1.7506	2.1154	1.4685	4.5016	14.4085
TRAESCS2A01G106500	0.3212	4.1964	7.4504	0.4764	2.1627	8.9849
TRAESCS2A01G122200	1.537	0.9474	1.1373	1.1304	3.5984	6.5693
TRAESCS2A01G127300	2.5986	2.2959	3.1106	2.3277	5.0359	8.7733
TRAESCS2A01G134100	0.2912	0.3558	0.3777	0.4132	1.1426	3.0726
TRAESCS2A01G157800	7.7282	9.9943	19.6385	5.6183	18.8276	36.6914
TRAESCS2A01G161300	8.8926	11.0489	16.4141	6.4421	16.494	51.8959
TRAESCS2A01G163700	8.057	5.9083	9.1103	8.424	13.8073	21.6397
TRAESCS2A01G174400	0.6995	0.8295	1.9632	1.0608	2.6761	9.0323
TRAESCS2A01G213900	2.8065	3.4863	3.7443	3.1388	4.8874	7.9356
TRAESCS2A01G220100	8.8526	7.0652	6.6009	7.5464	13.3696	28.4019
TRAESCS2A01G224000	86.6947	70.1456	86.346	70.3042	129.005	235.478
TRAESCS2A01G231900	2.6351	1.569	2.1137	2.408	4.9044	9.5082
TRAESCS2A01G237300	1.0604	1.4322	1.4323	0.8657	1.917	3.1688
TRAESCS2A01G249100	30.898	25.9452	34.6813	25.5428	45.7461	80.551
TRAESCS2A01G255100	0.1497	0.5074	0.6113	0.1781	0.9367	2.2393
TRAESCS2A01G263300	114.7363	146.1393	164.8927	119.6487	169.374	221.965
TRAESCS2A01G274900	10.427	7.7944	8.7446	9.4191	13.5909	23.3944
TRAESCS2A01G280700	2.4713	3.0535	5.1564	1.7619	7.8013	27.3972
TRAESCS2A01G290000	1.3983	2.7035	5.2439	1.7581	4.656	10.3092
TRAESCS2A01G295100	0.9368	0.5854	0.7951	0.7995	1.4639	3.3964
TRAESCS2A01G300100	3.5931	3.3699	5.1627	3.2435	5.1745	9.9273
TRAESCS2A01G303900	10.4627	4.9219	4.9409	9.9454	20.6237	38.0735
TRAESCS2A01G311200	23.7308	25.0253	41.4539	14.2096	44.3677	181.5733
TRAESCS2A01G327100	7.6383	9.1139	9.4067	7.7672	12.2422	19.5371
TRAESCS2A01G338800	0.0722	0.1409	0.1381	0.1681	2.3826	18.982
TRAESCS2A01G348300	1.4862	0.7298	1.461	1.1789	3.358	7.9624
TRAESCS2A01G356900	1.1803	1.3199	1.6882	1.4821	3.0175	5.9001
TRAESCS2A01G363500	4.7723	3.3883	4.1978	4.272	7.0747	11.5657
TRAESCS2A01G363600	59.0318	52.0846	65.1528	48.0311	89.7407	170.3507
TRAESCS2A01G367700	0.1483	0.2803	1.3262	0.2423	3.703	37.9876
TRAESCS2A01G381900	0.7604	1.0469	1.5464	0.6635	3.1279	18.461
TRAESCS2A01G389900	2.5185	1.2955	5.6741	2.5391	8.6711	44.6462
TRAESCS2A01G430100	12.9586	12.8411	15.8014	12.1701	19.179	34.9966
TRAESCS2A01G432700	10.3612	10.399	9.2252	8.7101	33.5313	140.8427
TRAESCS2A01G451300	3.4953	4.6986	8.4475	2.3137	9.7725	33.0743
TRAESCS2A01G478300	2.8205	2.757	2.7088	2.4656	3.8082	6.2718
TRAESCS2A01G480200	9.8909	6.5951	9.4727	7.0973	15.6112	32.3101
TRAESCS2A01G507500	0.1287	0.4118	1.3149	0.0557	5.2667	23.8041
TRAESCS2A01G508900	0.9331	0.8011	2.2029	1.0712	3.8756	17.3272
TRAESCS2A01G515700	13.0203	9.1733	9.6436	12.9212	25.3674	60.0887
TRAESCS2A01G527600	2.2489	1.9578	2.2638	1.9252	3.4025	7.533
TRAESCS2A01G545600	43.3763	44.6705	47.785	36.772	84.3445	180.0253
TRAESCS2A01G591000	0.2166	0.0769	2.1644	0.183	1.7552	10.3135
TRAESCS2B01G008900	3.4574	3.4164	3.9827	3.8654	6.0787	8.6577
TRAESCS2B01G040200	15.5857	15.8354	18.1048	17.9083	33.6827	68.8059
TRAESCS2B01G048700	5.3659	3.9828	5.3809	4.3001	20.0187	57.3607
TRAESCS2B01G053000	8.1627	8.6402	14.7132	8.1595	24.4442	59.3419
TRAESCS2B01G105700	26.7596	29.3253	39.1644	26.2155	38.7274	64.7321
TRAESCS2B01G113200	17.0053	16.1099	18.6377	14.5635	19.9843	30.3237
TRAESCS2B01G119200	1.5182	1.4008	2.1676	1.8796	5.0199	14.3521
TRAESCS2B01G156400	14.8852	11.6928	14.4166	13.4255	20.9061	30.091
TRAESCS2B01G162200	48.0426	50.5437	52.2978	45.3685	64.5761	88.8925
TRAESCS2B01G166100	1.5901	1.4584	1.819	1.422	3.0303	5.6434
TRAESCS2B01G167900	2.7863	3.448	4.1349	2.9123	5.3995	9.275
TRAESCS2B01G174500	1.4068	1.3306	1.9211	1.0983	5.3681	14.412
TRAESCS2B01G180200	3.596	4.502	5.4322	3.1371	7.4481	13.1016
TRAESCS2B01G182700	1.0183	0.8819	1.3315	0.8997	6.3143	15.3109
TRAESCS2B01G195600	15.2864	7.9402	17.6982	15.0622	43.4717	103.3538
TRAESCS2B01G231800	3.596	4.6481	6.2307	3.2505	6.7803	11.0918
TRAESCS2B01G253500	3.3215	2.24	2.422	2.3424	5.6501	14.9415
TRAESCS2B01G253700	0.8207	0.9674	1.0004	0.6313	1.9658	4.4524
TRAESCS2B01G261500	6.1118	3.1713	4.0137	5.4877	11.0322	15.2978
TRAESCS2B01G271700	4.2875	3.165	5.4287	4.6532	10.9471	25.581
TRAESCS2B01G290900	7.4013	5.5708	5.6305	7.8022	11.1294	18.5625
TRAESCS2B01G292100	4.4392	2.9911	3.9925	3.2506	6.8092	26.3456
TRAESCS2B01G298000	4.8532	4.1158	5.2871	3.5903	13.1431	31.7404
TRAESCS2B01G316300	5.8386	5.9533	5.9957	5.3781	8.0116	13.909
TRAESCS2B01G321000	6.4782	6.3575	6.0628	5.9897	8.6502	18.1023
TRAESCS2B01G346000	0.8958	0.3529	0.9846	0.8475	2.5503	6.7838
TRAESCS2B01G347800	2.8243	2.8193	5.4179	1.6205	5.665	22.8384
TRAESCS2B01G354400	30.0173	62.4579	47.8125	22.039	83.3888	240.4147
TRAESCS2B01G380500	2.113	1.5165	1.6623	1.8622	2.8663	4.7509
TRAESCS2B01G409300	1.7505	1.1242	5.9495	1.6161	7.1375	60.3285
TRAESCS2B01G442900	8.8466	11.4718	23.2216	8.5015	18.6368	63.1006
TRAESCS2B01G459100	0.6959	0.1151	1.1415	0.5527	1.7407	5.8455
TRAESCS2B01G465100	11.5127	8.9695	10.887	10.3249	16.6287	30.0431
TRAESCS2B01G526700	8.742	8.0949	8.2604	8.0325	16.1369	28.3592
TRAESCS2D01G031000	0.647	0.3267	3.3331	0.5635	2.7782	10.9775
TRAESCS2D01G038700	14.8715	16.1474	20.7544	13.4099	38.1081	79.3555
TRAESCS2D01G071500	3.6845	3.4002	3.8569	2.9084	5.2549	9.8947
TRAESCS2D01G073400	2.5675	2.4085	1.6284	2.7223	6.024	12.9434
TRAESCS2D01G075300	12.1989	9.6876	12.6557	10.3212	15.5099	29.8484
TRAESCS2D01G087900	29.2229	31.1341	37.0834	26.4144	41.4891	72.392
TRAESCS2D01G101500	1.2677	1.1334	2.1519	1.8002	5.0774	15.8774
TRAESCS2D01G109000	48.4694	44.9024	49.821	56.7731	77.7312	129.0467
TRAESCS2D01G111300	20.9541	17.1938	19.2765	17.9126	29.8255	40.7583
TRAESCS2D01G124900	0.7595	0.3983	0.6879	0.63	1.6771	6.4886
TRAESCS2D01G135000	9.8952	9.6167	12.7859	9.7736	16.4903	28.4138
TRAESCS2D01G141300	43.6335	43.56	44.7952	42.464	57.3283	78.4144
TRAESCS2D01G150600	7.562	8.1067	9.4732	7.7681	20.6356	79.4989
TRAESCS2D01G152200	25.1664	28.5819	28.6189	24.005	42.5182	61.8125
TRAESCS2D01G163000	0.8448	1.2275	1.3142	0.8129	1.8267	3.8014
TRAESCS2D01G163900	4.8209	4.4864	7.997	4.0851	12.7773	25.8029
TRAESCS2D01G175200	2.8796	2.7956	3.5917	2.3936	4.5105	14.0717
TRAESCS2D01G176800	17.9767	8.7657	21.8142	17.8583	41.8302	98.1567
TRAESCS2D01G177500	3.0441	2.6913	2.7972	2.7322	4.5551	8.8043
TRAESCS2D01G185400	0.7891	0.1768	0.9103	0.2646	2.404	12.4565
TRAESCS2D01G190600	1.4077	1.1301	1.6072	1.2926	2.6462	5.4175
TRAESCS2D01G220200	2.684	2.2775	2.5143	2.8876	5.2412	11.1541
TRAESCS2D01G225800	4.9418	3.1902	3.8065	4.6719	8.9316	21.0354
TRAESCS2D01G230600	0.2144	0.0947	0.2231	0.1523	0.7218	1.4992
TRAESCS2D01G242100	21.2627	22.4258	22.2805	19.7779	28.042	40.3487
TRAESCS2D01G249100	9.7872	9.4051	14.2715	8.5652	15.9159	24.4706
TRAESCS2D01G250700	33.0147	37.9544	47.1315	26.9162	60.0352	106.6957
TRAESCS2D01G252600	3.7789	3.5543	11.9196	3.2172	20.3348	79.0775
TRAESCS2D01G257400	8.4595	8.2869	8.1005	8.2644	11.8426	18.6984
TRAESCS2D01G265800	4.9917	5.5042	5.7705	4.548	7.9212	15.8276
TRAESCS2D01G273300	9.336	7.4564	7.2514	8.9268	12.241	18.7448
TRAESCS2D01G273400	5.7647	4.8553	7.9077	4.4913	12.1091	40.4962
TRAESCS2D01G279500	7.2025	9.0435	10.1286	6.8923	25.1809	52.865
TRAESCS2D01G282800	2.2503	1.5136	2.1581	1.7127	3.7221	7.2058
TRAESCS2D01G310900	0.3009	0.1178	0.2493	0.2016	0.8175	1.6822
TRAESCS2D01G313400	0.3826	0.4107	1.2184	0.5358	3.9136	24.6819
TRAESCS2D01G319200	1.3091	3.7351	4.0722	0.8721	3.8958	9.3625
TRAESCS2D01G326900	3.5862	5.2311	12.8054	3.0248	18.5692	108.8538
TRAESCS2D01G339300	21.6286	20.7128	20.5706	21.0488	25.8606	38.3104
TRAESCS2D01G361400	67.6864	74.1828	97.6149	62.3338	166.4883	480.9707
TRAESCS2D01G362700	0.7393	0.8961	1.0617	0.7058	1.3938	2.8066
TRAESCS2D01G369600	2.7381	2.2188	1.9235	2.6971	3.8726	5.4495
TRAESCS2D01G387900	5.0518	4.9789	5.3883	3.8925	12.2468	35.0917
TRAESCS2D01G388800	2.3456	2.059	6.903	2.228	8.6334	50.8066
TRAESCS2D01G418900	9.0145	22.2606	28.557	7.0686	15.3921	32.415
TRAESCS2D01G423300	2.0348	2.4788	2.861	2.0983	4.6196	10.0192
TRAESCS2D01G430000	8.7757	7.1093	8.6648	8.4787	13.2677	20.4983
TRAESCS2D01G443100	12.6679	9.7998	12.4045	10.1801	16.4527	28.1825
TRAESCS2D01G463000	0.9176	0.4406	0.7754	0.9258	2.6178	7.9154
TRAESCS2D01G490000	16.8243	14.1068	11.9161	14.4624	22.729	38.143
TRAESCS2D01G493700	6.3653	5.9586	9.3734	6.1494	9.1197	26.0805
TRAESCS2D01G507200	12.501	13.7177	20.7183	11.2913	31.5264	98.1393
TRAESCS2D01G507900	0.1869	0.5696	1.4736	0.1599	3.2409	21.5988
TRAESCS2D01G527800	0.6433	4.9071	9.4192	0.6373	2.6274	14.375
TRAESCS2D01G546500	51.163	55.4972	66.5195	43.7973	103.3789	229.3697
TRAESCS2D01G549400	3.3277	4.1553	2.9088	2.6703	7.8664	20.2663
TRAESCS2D01G568600	4.47	2.0858	4.3452	3.9221	6.0319	11.1027
TRAESCS2D01G571200	5.0424	3.7911	5.5603	4.7116	8.9103	15.4918
TRAESCS3A01G006100	9.6327	11.3938	11.8502	9.9971	15.9683	21.5636
TRAESCS3A01G043700	7.5906	5.4434	8.4474	8.5303	13.7294	25.4455
TRAESCS3A01G046100	0.0577	0.1491	0.1532	0.6038	2.2345	6.0757
TRAESCS3A01G128600	8.0995	8.2052	11.8927	8.4604	16.8982	31.0194
TRAESCS3A01G156200	6.087	6.2203	6.9234	5.6733	7.6687	12.9675
TRAESCS3A01G156300	3.1639	3.7199	3.7195	2.7302	4.8601	7.5089
TRAESCS3A01G172900	6.4183	6.1357	7.4377	7.1893	15.1113	29.3173
TRAESCS3A01G183700	24.865	22.1808	26.3282	22.3311	40.1978	84.9117
TRAESCS3A01G187200	8.0612	7.8961	8.4011	7.4904	10.3006	15.0714
TRAESCS3A01G189800	2.3275	1.706	3.9235	2.2141	4.9969	10.7764
TRAESCS3A01G193800	18.9179	17.9074	19.153	18.4584	29.6593	50.7074
TRAESCS3A01G193900	12.0181	14.6552	16.9634	12.0693	31.1842	143.8057
TRAESCS3A01G196900	7.2992	4.7512	5.493	6.4094	10.2018	16.7762
TRAESCS3A01G215000	0.7406	0.7299	1.7874	0.7785	4.4072	27.475
TRAESCS3A01G215400	0.8764	0.3706	1.8997	0.8086	5.5102	23.3604
TRAESCS3A01G228000	3.6421	3.624	4.4883	2.8539	5.0501	12.0203
TRAESCS3A01G232100	1.045	0.788	2.0464	0.6772	2.5812	5.0719
TRAESCS3A01G233800	2.762	1.8468	2.8487	2.6554	6.2713	17.1823
TRAESCS3A01G237700	20.2524	22.4738	28.1072	17.2476	25.3107	45.5641
TRAESCS3A01G245700	4.4091	4.5391	4.6407	3.8562	5.6141	7.7449
TRAESCS3A01G249000	0.3846	0.1515	0.601	0.2593	1.6613	6.328
TRAESCS3A01G250500	17.4842	14.734	15.8798	15.5217	34.4437	65.2002
TRAESCS3A01G275000	2.1445	1.9511	2.3721	1.845	3.9449	7.1484
TRAESCS3A01G276200	0.2511	0.1641	0.5602	0.5572	3.2942	13.5938
TRAESCS3A01G278500	2.8831	3.0572	3.9881	2.8064	4.587	7.0324
TRAESCS3A01G290200	28.105	25.0241	28.5484	23.4469	36.5142	51.9721
TRAESCS3A01G303800	2.029	1.9136	2.3995	1.9465	3.2987	5.3529
TRAESCS3A01G305100	26.9778	26.5853	31.2571	28.2466	36.314	59.2228
TRAESCS3A01G318300	1.7356	4.6184	7.7887	1.43	3.1053	7.8956
TRAESCS3A01G323000	2.5558	2.6668	3.3091	2.4375	4.6798	7.4175
TRAESCS3A01G332600	0.5876	0.4134	0.4644	0.7622	1.6072	3.2283
TRAESCS3A01G337300	21.9245	24.875	33.1325	23.5761	42.7296	80.9077
TRAESCS3A01G342800	5.3536	4.6243	6.046	4.1576	7.9853	14.3725
TRAESCS3A01G345000	0.4928	1.1033	0.6028	0.541	0.8824	2.3898
TRAESCS3A01G347600	5.349	4.9702	4.8172	4.9993	8.2258	15.7478
TRAESCS3A01G355800	0.7386	0.5873	0.4108	0.7154	2.1564	5.6356
TRAESCS3A01G376400	6.0588	4.3419	3.5321	5.3294	17.4107	41.6973
TRAESCS3A01G378700	0.0993	0.2885	0.4786	0.148	0.8771	3.11
TRAESCS3A01G379800	5.007	6.0229	7.4961	6.0524	12.1334	26.3043
TRAESCS3A01G390900	3.8529	4.0274	4.4582	3.5777	6.4399	9.7407
TRAESCS3A01G398400	4.0915	4.3358	4.333	3.5321	4.7345	7.83
TRAESCS3A01G400000	1.2826	1.198	3.5636	1.4284	6.5477	31.9142
TRAESCS3A01G421900	24.0897	26.0078	26.1557	21.1766	32.9828	58.9122
TRAESCS3A01G422100	3.4381	9.0991	17.3973	3.4956	28.8643	129.1222
TRAESCS3A01G442100	0.7081	0.7973	0.9224	0.5854	1.3469	4.8743
TRAESCS3A01G443600	1.7474	0.9954	1.3761	1.3102	3.6791	6.6806
TRAESCS3A01G448800	5.6015	4.4671	8.4034	4.8007	9.0945	15.4693
TRAESCS3A01G452300	0.9112	0.5657	0.2881	0.9319	3.7122	8.3747
TRAESCS3A01G455600	1.2235	1.2536	1.657	1.3032	2.7005	5.3549
TRAESCS3A01G512400	0.5694	0.1408	0.5703	0.2404	2.5752	11.7504
TRAESCS3B01G003500	0.1669	0.1179	0.2146	0.1698	1.7994	9.113
TRAESCS3B01G021700	0.0588	0.0255	0.2006	0.1553	1.0115	5.352
TRAESCS3B01G039700	0.9844	0.7304	2.4811	1.0531	3.8218	12.6272
TRAESCS3B01G040000	8.2543	6.7017	9.4248	5.995	15.1235	33.7307
TRAESCS3B01G106100	2.6262	1.2065	2.0336	1.9467	4.0674	6.5218
TRAESCS3B01G113800	17.0413	11.1758	15.7822	17.5174	22.2643	37.855
TRAESCS3B01G141600	7.5286	6.3443	9.2855	6.8146	18.7291	72.3042
TRAESCS3B01G149100	19.349	20.5035	26.7688	19.539	28.3517	43.2851
TRAESCS3B01G184000	6.7764	5.2427	7.4943	7.8226	11.7465	26.6549
TRAESCS3B01G205600	13.4026	19.2971	15.5326	11.711	25.1846	37.8814
TRAESCS3B01G213500	27.8984	23.3625	33.2997	26.1046	42.8136	83.8274
TRAESCS3B01G219900	9.0141	9.6062	11.0335	8.3885	13.5557	25.708
TRAESCS3B01G221400	0.4292	0.4688	0.7723	0.5382	2.3598	6.2158
TRAESCS3B01G221800	2.8169	1.8952	3.3151	2.9932	8.5948	48.5526
TRAESCS3B01G227300	6.1805	4.1598	3.9775	3.7665	9.8379	28.2276
TRAESCS3B01G228500	8.0417	8.9637	15.0571	8.0314	22.934	78.1437
TRAESCS3B01G237400	7.4071	7.0782	9.4397	7.1968	10.1386	15.4148
TRAESCS3B01G252000	0.7388	0.6528	0.6105	1.0888	8.8149	67.5195
TRAESCS3B01G264800	9.5782	10.0712	13.901	8.4321	12.9006	24.2983
TRAESCS3B01G265500	3.8732	1.7145	4.9693	3.5697	8.5697	24.5522
TRAESCS3B01G277200	2.6004	3.2273	3.7225	1.9208	5.8404	18.1891
TRAESCS3B01G277900	0.8846	0.3024	0.8442	0.5633	3.4804	11.2334
TRAESCS3B01G283800	9.8756	9.5308	9.9973	8.8546	14.5192	25.1604
TRAESCS3B01G305700	4.436	4.3846	5.8813	3.6909	6.2909	10.0747
TRAESCS3B01G310000	0.1818	0.3269	1.0392	0.4723	3.3653	17.4598
TRAESCS3B01G324300	6.5983	6.4132	8.4288	5.6447	11.5042	19.7797
TRAESCS3B01G331100	22.5983	22.6433	28.2991	18.4302	35.1485	70.2713
TRAESCS3B01G331400	25.06	21.7374	26.3829	26.8977	34.1225	54.1328
TRAESCS3B01G334300	1.164	7.7085	16.3076	1.3183	4.0697	9.6866
TRAESCS3B01G343100	1.7313	1.1789	1.3573	1.3245	3.3616	12.0092
TRAESCS3B01G349100	11.3916	8.9491	10.5539	8.2552	17.2995	34.6151
TRAESCS3B01G363300	11.3469	12.3598	12.8152	9.8577	21.0919	32.9154
TRAESCS3B01G368300	1.5715	1.6729	1.2179	1.0831	2.9869	6.3059
TRAESCS3B01G368600	36.7754	35.678	52.5662	36.1381	78.4039	172.2253
TRAESCS3B01G380600	0.4628	0.4364	0.2224	0.3523	1.9446	3.988
TRAESCS3B01G385500	3.8152	3.1475	4.272	3.3426	6.4919	11.9982
TRAESCS3B01G388700	0.2871	0.2221	0.1284	0.3548	2.1057	3.9804
TRAESCS3B01G390700	0.1063	0.0295	0.0848	0.2034	2.7351	8.9774
TRAESCS3B01G395000	0.9135	0.4515	1.6032	1.0917	1.9949	5.5996
TRAESCS3B01G395400	7.7116	9.4503	16.1009	9.882	25.4988	128.1117
TRAESCS3B01G408900	2.673	3.9464	5.503	2.5593	6.8682	30.5492
TRAESCS3B01G418900	1.5589	1.2346	1.0878	1.2536	3.0742	6.8546
TRAESCS3B01G426900	0.7621	0.7919	1.2119	0.7319	1.8245	3.8432
TRAESCS3B01G436000	8.0089	7.7786	9.0773	7.6897	10.0268	14.8147
TRAESCS3B01G439800	1.3673	1.0094	1.227	1.1169	4.4267	16.3507
TRAESCS3B01G442200	0.2016	0.6005	0.1237	0.2763	1.2849	4.8191
TRAESCS3B01G457100	28.4644	29.8722	32.51	26.2503	39.1138	65.5276
TRAESCS3B01G457600	4.3566	4.4828	10.0197	3.8129	32.6032	141.6813
TRAESCS3B01G475900	0.5439	0.557	0.6532	0.6608	1.6498	4.5359
TRAESCS3B01G546200	10.7107	13.5509	17.4603	8.6856	21.6997	39.2375
TRAESCS3B01G550300	0.2721	0.6725	1.3753	0.1762	0.6393	1.5758
TRAESCS3B01G590000	1.7948	2.1436	3.4574	2.4587	8.9853	28.593
TRAESCS3B01G603100	3.9671	4.173	6.5412	3.4649	7.1121	14.9262
TRAESCS3D01G023200	0.1226	0.2526	0.7291	0.2226	1.7444	7.3578
TRAESCS3D01G023700	2.3041	3.5455	2.4493	2.0245	4.4425	13.0534
TRAESCS3D01G037200	1.7677	1.5802	2.3501	1.729	4.3004	8.6623
TRAESCS3D01G113600	1.4258	2.1415	3.7274	1.6003	7.231	41.1154
TRAESCS3D01G114600	82.1833	76.4651	70.8738	79.0886	104.1121	164.8503
TRAESCS3D01G124300	11.2711	10.1308	14.3036	10.1513	23.1206	70.558
TRAESCS3D01G124600	6.9336	6.7562	7.8621	6.0128	8.7351	13.2264
TRAESCS3D01G126500	1.2719	2.978	7.1474	0.8965	4.4296	12.7506
TRAESCS3D01G128900	13.8933	13.3872	17.3513	13.23	18.4956	26.0541
TRAESCS3D01G129500	9.9962	10.2719	13.968	7.5973	17.4479	34.4748
TRAESCS3D01G158200	3.5446	4.7078	6.1511	3.2417	5.481	10.4808
TRAESCS3D01G179300	6.5893	7.0908	12.6885	6.2192	11.9669	33.4981
TRAESCS3D01G187900	26.4898	24.6238	28.8113	27.2747	43.3805	80.6493
TRAESCS3D01G191000	6.1741	5.1406	6.0368	5.8139	7.7158	10.7083
TRAESCS3D01G192800	6.6892	7.2498	8.0363	7.9091	16.2632	34.2594
TRAESCS3D01G192900	8.0392	6.0077	7.9387	6.5837	11.3282	18.8032
TRAESCS3D01G193300	3.3609	3.4349	3.4749	2.8302	6.0366	14.8078
TRAESCS3D01G195700	2.3036	1.655	2.6158	2.8962	6.8639	40.3565
TRAESCS3D01G198600	21.6671	25.088	38.297	21.637	48.9767	156.062
TRAESCS3D01G209200	2.7657	3.4056	5.4415	2.4047	4.9084	12.1841
TRAESCS3D01G211400	2.1974	2.891	4.3235	2.1156	3.7365	7.3772
TRAESCS3D01G230600	6.6958	3.9442	3.3413	5.3978	18.6908	45.4352
TRAESCS3D01G236000	3.452	3.3147	6.4642	2.6403	5.8146	11.0285
TRAESCS3D01G264200	1.4702	1.6213	1.8706	1.3163	2.7229	7.0062
TRAESCS3D01G274900	0.9358	0.4095	0.5927	0.727	1.3885	4.0879
TRAESCS3D01G276200	0.4177	0.089	0.5766	0.545	5.6138	30.1027
TRAESCS3D01G279900	0.1682	0.1988	0.2421	0.1251	0.7116	2.5101
TRAESCS3D01G299700	3.3972	10.6262	19.9089	3.1861	14.6631	36.674
TRAESCS3D01G321200	1.8229	1.0916	2.8385	1.7941	4.8108	13.3585
TRAESCS3D01G330500	38.1128	40.6336	45.801	39.4555	77.615	175.121
TRAESCS3D01G334500	40.4392	57.6277	60.3434	47.4422	98.9428	257.7753
TRAESCS3D01G351000	0.1184	0.5366	1.0567	0.2237	3.544	10.4932
TRAESCS3D01G359100	0.1958	0.0611	0.3991	0.4036	2.9761	9.1737
TRAESCS3D01G369200	1.8297	1.1999	2.0168	1.1918	8.3225	26.1358
TRAESCS3D01G379800	0.6414	0.371	0.5881	0.2988	2.5743	9.363
TRAESCS3D01G385600	0.1851	0.2054	0.8008	0.1414	0.7889	2.4783
TRAESCS3D01G392700	4.0127	3.3361	4.9568	4.3573	7.6201	13.0142
TRAESCS3D01G394200	3.4835	2.8863	6.7567	3.7088	15.518	83.9119
TRAESCS3D01G401300	0.7205	0.3782	1.0922	0.4796	2.2822	11.2018
TRAESCS3D01G407300	1.6259	1.3629	1.4373	1.847	3.0693	6.2404
TRAESCS3D01G411800	4.614	3.0513	3.2085	3.2073	7.0197	13.8011
TRAESCS3D01G417500	1.3746	1.1738	2.3067	1.0202	24.7854	136.7803
TRAESCS3D01G436000	0.5175	0.1549	0.4708	0.3865	1.3509	2.9141
TRAESCS3D01G441200	5.1722	6.002	10.1875	4.5076	9.4566	16.271
TRAESCS3D01G448100	0.9819	0.7282	1.3388	0.9929	2.1231	4.0535
TRAESCS3D01G492200	21.7907	19.5297	22.7819	21.6135	32.3875	49.2193
TRAESCS3D01G514900	7.6908	7.2761	7.3203	5.7781	13.1381	27.5597
TRAESCS3D01G528600	1.4632	1.5916	3.3804	1.0757	5.8742	21.8961
TRAESCS3D01G543100	8.303	5.8386	7.642	6.8902	12.6301	23.9369
TRAESCS4A01G008300	25.8782	24.7614	29.2065	22.3332	37.6482	61.6468
TRAESCS4A01G017400	0.3196	0.4622	1.9653	0.2824	1.9247	9.5522
TRAESCS4A01G035700	20.1734	18.1815	18.3027	18.4785	49.2527	196.1683
TRAESCS4A01G044600	10.4351	11.7272	14.3135	9.5111	14.8605	25.7717
TRAESCS4A01G050800	0.3061	0.367	0.2939	0.3879	1.9461	5.6908
TRAESCS4A01G054800	5.9252	5.0606	5.9096	6.528	11.9948	25.5646
TRAESCS4A01G055000	1.8749	0.9067	1.5675	1.5838	3.5094	7.022
TRAESCS4A01G065700	8.1185	8.9898	11.1712	9.8106	21.3569	57.6789
TRAESCS4A01G067400	2.2263	1.8615	2.4038	2.1746	4.2955	9.5369
TRAESCS4A01G074900	12.3696	10.6928	13.6433	14.0455	17.808	32.5344
TRAESCS4A01G077600	13.5853	11.4936	15.4264	11.4717	18.7929	31.7615
TRAESCS4A01G085700	2.7488	2.613	3.4034	2.6006	5.0746	8.6829
TRAESCS4A01G090600	9.1043	10.3783	12.9826	9.2185	22.0539	76.9698
TRAESCS4A01G096600	30.6824	34.8732	41.7546	27.5045	47.9524	79.8586
TRAESCS4A01G100500	3.3082	2.2813	3.253	3.1458	5.1166	16.8836
TRAESCS4A01G111700	1.587	1.8073	1.5858	1.5959	2.6236	6.3101
TRAESCS4A01G119200	0.8241	0.3779	0.8143	0.9794	5.4477	33.6714
TRAESCS4A01G123600	26.2994	22.9979	29.903	26.6729	36.0652	57.0823
TRAESCS4A01G124900	0.0798	0.3014	0.1339	0.0534	0.5101	0.981
TRAESCS4A01G135100	24.0872	22.6027	27.4082	21.6016	35.6466	56.3951
TRAESCS4A01G137100	9.7005	8.5972	11.5799	9.0574	14.4583	27.6537
TRAESCS4A01G140000	3.3815	2.9571	5.2328	2.4106	10.2744	28.5055
TRAESCS4A01G166900	19.2168	16.6721	30.4677	21.6311	61.3368	154.0863
TRAESCS4A01G172400	0.8485	0.5661	0.9385	0.7735	1.8016	6.011
TRAESCS4A01G193900	0.7661	0.5539	0.5465	0.3083	3.6456	17.0487
TRAESCS4A01G214200	15.2093	12.8654	20.5094	13.6125	52.3021	139.9833
TRAESCS4A01G222200	1.757	1.6119	1.9761	1.934	4.1476	7.9165
TRAESCS4A01G239800	2.1674	2.5822	2.4106	1.9791	7.5922	19.0724
TRAESCS4A01G243500	9.6665	9.492	11.3385	10.1992	14.6922	24.7393
TRAESCS4A01G252800	19.9711	14.1687	15.2266	17.2769	55.5231	176.2643
TRAESCS4A01G262300	5.8993	5.8519	6.5961	5.9415	8.1798	11.5302
TRAESCS4A01G264500	2.139	35.316	109.6707	1.9322	6.1515	22.4825
TRAESCS4A01G266600	7.5894	8.7107	9.3477	6.8143	12.3727	25.4795
TRAESCS4A01G268700	125.8823	129.269	135.1903	127.1327	164.6523	201.4983
TRAESCS4A01G271700	2.3066	2.0144	2.4447	1.8488	4.8549	10.9612
TRAESCS4A01G291600	1.2437	2.2234	3.1348	1.1973	2.7108	6.1493
TRAESCS4A01G310700	0.8897	0.9301	0.5961	1.0405	1.9604	4.3719
TRAESCS4A01G356400	4.7126	5.27	9.088	4.3009	8.491	17.4054
TRAESCS4A01G402800	4.6227	4.5302	5.8436	4.2417	7.433	12.3241
TRAESCS4A01G406900	1.09	1.7399	2.5675	0.6576	2.1875	6.0131
TRAESCS4A01G409100	0.8866	0.4975	1.2159	0.5221	2.5494	17.5253
TRAESCS4A01G411000	16.0572	24.9797	37.2537	15.1245	43.0468	89.0846
TRAESCS4A01G457100	14.7367	13.4295	16.9494	13.1733	19.6865	38.1821
TRAESCS4A01G459300	6.6505	6.0339	8.287	5.8616	10.0607	16.9757
TRAESCS4A01G460000	7.756	8.4005	6.4571	7.1679	14.894	33.5808
TRAESCS4A01G481400	1.4919	1.1237	1.3485	1.5983	2.2365	3.6552
TRAESCS4A01G485300	1.9145	1.8377	2.2759	1.9733	2.9555	5.3584
TRAESCS4A01G486000	0.1267	0.0776	1.365	0.1127	6.307	58.8405
TRAESCS4A01G494700	1.7869	1.4578	1.7537	1.749	3.1725	7.0038
TRAESCS4B01G014700	1.4972	1.8652	5.5262	1.6671	6.7437	43.2699
TRAESCS4B01G028800	64.9095	77.6234	73.3286	67.6008	102.0301	173.4927
TRAESCS4B01G035400	11.1021	11.4722	12.9446	12.7949	20.1051	39.9562
TRAESCS4B01G037700	0.5699	0.2304	0.4968	0.4392	3.0855	13.3515
TRAESCS4B01G037800	0.5572	0.4124	0.4416	0.5212	2.2077	6.6799
TRAESCS4B01G037900	0.3575	0.2481	0.5928	0.7542	8.2878	37.0975
TRAESCS4B01G047700	8.9371	9.4182	11.668	7.275	14.2154	29.8473
TRAESCS4B01G062400	10.7281	8.6694	10.3765	9.6307	21.2759	45.241
TRAESCS4B01G062500	35.0597	19.6601	20.0731	30.7539	96.9101	207.9283
TRAESCS4B01G101900	7.7905	8.3384	8.7843	7.7173	11.4817	18.494
TRAESCS4B01G121300	0.2813	0.1302	0.0897	0.1478	2.2381	12.8001
TRAESCS4B01G131500	1.0588	8.0934	18.2073	0.9775	4.6233	32.3612
TRAESCS4B01G133700	2.9575	2.7545	2.7342	2.6398	4.4909	9.524
TRAESCS4B01G137900	0.2413	0.0538	0.3702	0.1659	0.8532	2.7493
TRAESCS4B01G144900	22.287	18.5225	35.2716	23.3624	68.2381	181.3513
TRAESCS4B01G170000	11.3383	11.9428	13.6766	10.3035	20.6628	41.5017
TRAESCS4B01G173500	1.6473	1.0354	1.302	1.537	2.698	4.255
TRAESCS4B01G178600	6.8122	6.0741	7.2524	5.5395	10.494	22.0132
TRAESCS4B01G193000	5.2301	3.8089	4.5222	4.9779	8.0131	12.9846
TRAESCS4B01G194900	0.9219	0.8057	1.9252	0.4601	1.75	6.1928
TRAESCS4B01G205200	12.9923	15.4736	23.1024	13.2991	30.6933	65.0205
TRAESCS4B01G206200	1.5224	1.3611	2.1252	1.3796	3.3778	5.8913
TRAESCS4B01G207800	21.3543	21.5184	23.9638	19.5815	34.722	62.2214
TRAESCS4B01G212300	0.1415	0	0	0.2258	5.9522	33.245
TRAESCS4B01G212500	3.1121	2.2823	2.2938	2.6938	4.8411	7.526
TRAESCS4B01G218500	3.7218	3.4076	3.9115	3.5035	6.9953	12.8159
TRAESCS4B01G221900	4.9573	4.9081	6.4735	5.1408	7.5324	12.1467
TRAESCS4B01G229600	2.7243	2.6966	5.2134	3.4686	6.3924	13.3866
TRAESCS4B01G236400	2.6998	1.5034	2.1864	3.054	5.8459	13.5107
TRAESCS4B01G247900	6.2245	5.635	6.7734	5.4009	7.9813	10.8336
TRAESCS4B01G248700	38.9903	40.7781	45.6305	35.2858	46.9815	64.4911
TRAESCS4B01G265100	0.8443	0.3512	1.6169	1.2126	3.9732	18.0326
TRAESCS4B01G268400	16.5359	16.9616	19.048	16.7799	38.212	113.3783
TRAESCS4B01G270800	0.1693	0.2372	1.0394	0.1355	1.5322	5.4123
TRAESCS4B01G272000	1.1928	0.4453	1.3521	1.0511	3.2307	9.5543
TRAESCS4B01G304300	0.6383	1.6378	5.3619	0.6375	3.3715	10.6904
TRAESCS4B01G306200	1.0956	2.6179	6.1199	0.7288	3.2199	6.2116
TRAESCS4B01G324400	7.747	7.8143	9.8928	7.969	15.0672	32.0616
TRAESCS4B01G325900	8.37	10.1503	10.8555	7.9021	13.1752	18.151
TRAESCS4B01G343800	1.8595	0.7474	1.6241	1.1252	4.4097	22.4244
TRAESCS4B01G346900	0.432	0.0712	0.5151	0.44	9.9774	79.7303
TRAESCS4B01G356500	5.9772	6.0703	5.8607	5.5064	9.0086	19.4859
TRAESCS4B01G397700	4.2965	4.6014	5.5799	4.0715	8.8642	13.6472
TRAESCS4D01G020200	1.4534	2.2355	4.3995	1.4296	3.7689	10.8736
TRAESCS4D01G026900	1.4997	1.594	1.5845	1.456	2.888	6.6202
TRAESCS4D01G035200	0.2102	0.1804	1.1824	0.3294	2.1559	6.2784
TRAESCS4D01G046100	2.3567	1.46	2.635	2.0148	3.4085	4.8835
TRAESCS4D01G047600	8.9113	8.2181	11.4917	7.9965	13.2006	31.3212
TRAESCS4D01G055700	0.2941	1.8143	4.6644	0.375	1.6835	6.1016
TRAESCS4D01G061400	29.7644	18.342	24.064	25.3009	59.6171	173.5063
TRAESCS4D01G083000	0.2699	0.4084	0.1218	0.295	1.0101	2.8437
TRAESCS4D01G090300	1.6305	1.0545	1.9743	1.4764	4.5543	16.4078
TRAESCS4D01G098400	16.755	14.1441	20.7443	17.6425	73.1123	268.7593
TRAESCS4D01G104900	8.1663	8.2038	9.3275	8.696	14.0816	34.0352
TRAESCS4D01G110200	5.2975	5.2163	6.6743	3.6725	11.2942	22.1599
TRAESCS4D01G113800	4.1448	4.052	7.8381	3.8191	8.7595	17.3322
TRAESCS4D01G119400	0.3969	0.3146	0.3617	0.3649	3.8096	18.4025
TRAESCS4D01G121800	0.0625	0.4711	0.8524	0.2256	1.3898	6.626
TRAESCS4D01G125800	0.5862	1.1471	3.0951	0.4445	1.4869	7.6384
TRAESCS4D01G127100	0.1288	0	0.3451	0.1267	1.6318	4.7839
TRAESCS4D01G130900	4.2686	3.9988	6.2854	4.1756	9.7042	20.7352
TRAESCS4D01G145200	1.8706	1.8768	2.5254	1.724	3.8562	6.9307
TRAESCS4D01G147500	0.2824	0.3634	0.415	0.207	0.7913	2.5114
TRAESCS4D01G151900	16.5043	16.0699	29.4095	20.683	58.7477	165.593
TRAESCS4D01G157300	12.7391	9.5901	13.0391	11.5148	17.5157	27.9875
TRAESCS4D01G174600	0.8283	0.7177	1.1229	0.7191	1.797	4.5247
TRAESCS4D01G175600	1.0121	0.6266	0.7832	0.9399	2.0395	4.7116
TRAESCS4D01G175700	0.4006	0.6127	1.6061	0.3728	2.2885	5.048
TRAESCS4D01G178700	3.8202	2.8618	3.8291	3.1194	5.7207	10.2392
TRAESCS4D01G186300	3.9847	3.7513	4.797	4.1009	7.2708	19.2253
TRAESCS4D01G186700	0.8672	0.3806	1.1942	1.0451	4.7699	17.9772
TRAESCS4D01G194600	15.1505	8.6851	12.1404	13.8245	20.7399	48.0731
TRAESCS4D01G197900	0.7295	0.4352	1.0497	0.4019	2.1174	11.4776
TRAESCS4D01G200200	5.2412	6.7714	6.7852	5.5732	9.7664	17.2789
TRAESCS4D01G201900	6.5276	7.4248	9.8314	5.8471	9.4002	12.4555
TRAESCS4D01G206000	8.9755	9.6376	10.9405	8.6978	15.0327	30.3728
TRAESCS4D01G206100	7.2506	8.2147	18.5383	8.1509	19.3939	41.8171
TRAESCS4D01G214700	9.1009	11.9081	11.2769	8.9481	18.3686	47.9546
TRAESCS4D01G222300	2.9259	3.0052	2.838	2.4327	4.926	9.7878
TRAESCS4D01G225300	2.6529	2.2215	3.1258	2.964	4.7596	11.6216
TRAESCS4D01G248500	1.3567	0.8778	1.4498	1.0832	2.7457	5.965
TRAESCS4D01G267800	18.968	17.1664	19.9114	18.4633	42.2778	155.511
TRAESCS4D01G270000	0.3869	0.166	1.1407	0.5951	1.8448	8.4683
TRAESCS4D01G291800	8.7715	11.0618	11.6479	9.1676	14.3757	25.3265
TRAESCS4D01G300100	0.6592	0.4212	0.2737	0.4691	1.3754	2.8338
TRAESCS4D01G315200	4.528	2.7719	3.9108	4.0606	7.2655	17.6862
TRAESCS4D01G323500	0.3746	0.1445	0.4595	0.3919	1.5129	8.2137
TRAESCS4D01G339000	1.9988	0.9499	1.3059	1.8065	8.4168	34.2042
TRAESCS5A01G014400	49.5822	42.2218	55.5105	48.922	98.0189	216.494
TRAESCS5A01G059600	2.5189	2.8528	4.1692	1.7781	7.4521	27.6901
TRAESCS5A01G069600	12.2042	21.5662	22.6818	10.8697	21.8024	38.8926
TRAESCS5A01G081400	0.6454	0.5017	0.5779	0.6148	1.1066	1.7479
TRAESCS5A01G084700	24.4649	18.6484	26.7354	20.9285	39.0896	71.9558
TRAESCS5A01G090200	1.9599	1.1091	1.7798	1.7922	3.5478	6.8177
TRAESCS5A01G091200	1.5507	1.1927	1.0846	1.5989	3.0585	5.6718
TRAESCS5A01G099100	4.0639	3.9177	4.668	4.3582	6.1296	10.815
TRAESCS5A01G100300	6.9249	5.5885	6.0272	7.2253	10.8862	19.9709
TRAESCS5A01G116100	8.8814	6.3493	7.2659	7.1549	11.0258	18.871
TRAESCS5A01G140600	4.4758	3.5013	3.3387	4.2387	6.5871	13.3918
TRAESCS5A01G153500	7.5082	7.3115	10.7465	8.4376	13.7671	25.5792
TRAESCS5A01G156800	4.6616	4.5152	5.4374	4.3548	8.8379	13.8705
TRAESCS5A01G164600	34.6104	103.1265	176.2817	29.9073	61.7752	132.0593
TRAESCS5A01G168400	20.5654	19.4612	24.2903	19.4573	28.7087	38.8623
TRAESCS5A01G181800	19.177	20.1062	24.4044	23.2853	93.6054	453.361
TRAESCS5A01G189200	9.2113	8.1768	8.6683	8.8875	13.262	23.9489
TRAESCS5A01G212800	0.0836	0.0539	0.1105	0.1583	3.2072	15.9722
TRAESCS5A01G213600	5.5889	3.8227	6.1103	3.3644	64.1414	481.2737
TRAESCS5A01G226000	10.3825	8.4389	9.3574	9.6915	14.9151	25.3895
TRAESCS5A01G229700	2.0277	2.1756	3.9475	1.5772	5.5961	29.1856
TRAESCS5A01G236700	3.1126	2.4821	4.5522	3.497	8.3094	31.4845
TRAESCS5A01G279600	0.2437	0.11	0.4986	0.1364	0.8026	2.903
TRAESCS5A01G285400	13.8242	12.1315	17.3683	12.5023	19.6617	33.201
TRAESCS5A01G295200	5.1223	8.0437	21.5552	4.0245	13.4481	79.2336
TRAESCS5A01G301400	11.285	7.3176	10.3222	9.4932	16.326	36.8489
TRAESCS5A01G359800	15.2234	15.1858	19.0174	16.1624	30.6054	50.1597
TRAESCS5A01G365100	18.9816	10.7129	3.1497	15.4932	32.5379	56.7792
TRAESCS5A01G383700	3.0695	2.6364	3.7557	2.336	6.3175	15.8795
TRAESCS5A01G394900	0.9152	0.7654	3.9267	0.7293	6.8661	38.9111
TRAESCS5A01G400100	5.7615	6.4727	8.7952	5.7427	8.7448	14.4351
TRAESCS5A01G407400	0.1517	0.1255	0.0485	0.1388	0.6143	1.4526
TRAESCS5A01G411200	37.5284	32.6063	40.6419	34.7898	47.7445	83.6165
TRAESCS5A01G413300	21.3582	17.6281	21.2136	18.4497	41.944	73.3964
TRAESCS5A01G440300	1.5735	0.9395	2.1238	1.3396	2.4816	6.624
TRAESCS5A01G482400	1.5733	1.7336	2.1042	1.4694	7.1806	20.51
TRAESCS5A01G526300	1.2681	3.518	5.9728	0.6677	5.9038	44.575
TRAESCS5A01G527000	6.4594	5.5929	6.7375	5.7878	10.0357	15.5238
TRAESCS5A01G527600	0.2868	0.1205	0.1108	0.1388	1.5093	8.4608
TRAESCS5B01G003900	2.5798	1.5268	2.2042	2.5849	5.4144	12.6686
TRAESCS5B01G007000	0.1732	0	0.2507	0.0789	1.992	7.7917
TRAESCS5B01G012300	70.4986	73.0144	87.9626	67.9244	215.0317	618.2347
TRAESCS5B01G074400	24.5599	17.198	12.2298	21.2834	29.4075	44.145
TRAESCS5B01G088400	2.8466	2.2748	2.556	2.8314	3.5204	4.5828
TRAESCS5B01G090600	17.8378	16.6335	21.9119	16.9627	29.4837	62.5365
TRAESCS5B01G095200	14.4329	16.8023	24.7434	14.3481	23.0992	38.1878
TRAESCS5B01G097200	0.454	0.1913	0.4076	0.4355	1.7169	6.1288
TRAESCS5B01G101300	4.0002	3.5046	4.6181	3.6015	6.2775	10.6001
TRAESCS5B01G105400	10.5207	7.4221	10.4767	8.0539	15.3547	28.0594
TRAESCS5B01G139300	1.4304	1.5222	1.3452	1.1892	2.1186	3.2298
TRAESCS5B01G152300	11.5558	10.6445	15.8654	12.4839	21.3549	38.852
TRAESCS5B01G152600	0.4627	0.1714	0.2305	0.4971	3.8658	15.581
TRAESCS5B01G155000	6.1561	5.8563	5.8928	4.7916	9.536	23.2035
TRAESCS5B01G162100	19.0578	61.2329	95.4388	20.4765	40.6877	90.0563
TRAESCS5B01G165300	16.9503	16.7952	19.1249	16.4528	22.2744	37.9548
TRAESCS5B01G170700	1.0885	0.9567	0.8229	0.5983	2.4271	5.248
TRAESCS5B01G176700	1.2811	0.7415	2.0751	1.9021	5.2725	12.6097
TRAESCS5B01G179800	27.3723	14.7229	15.9214	32.3717	82.7116	260.434
TRAESCS5B01G194400	8.3559	8.5091	10.4314	9.7422	12.5995	23.733
TRAESCS5B01G204800	1.8578	2.1168	4.6783	2.336	8.9871	23.3869
TRAESCS5B01G207200	8.9804	8.1152	9.1612	8.7054	15.9248	24.4817
TRAESCS5B01G210100	8.0799	4.804	7.4057	5.3109	64.1	608.2067
TRAESCS5B01G270000	2.2297	1.5472	1.907	2.0203	5.4711	15.4093
TRAESCS5B01G284800	18.6401	21.1761	24.8575	19.3636	29.6465	51.0669
TRAESCS5B01G286900	9.813	10.2925	12.4172	9.6115	18.2823	34.2051
TRAESCS5B01G294600	4.6927	8.5818	19.7329	3.2672	16.735	73.0274
TRAESCS5B01G314900	5.7426	6.8006	9.4078	4.7352	8.7636	15.0168
TRAESCS5B01G317000	18.9085	21.647	21.0782	19.2817	34.5078	73.3203
TRAESCS5B01G336100	0.3419	0.5284	1.0734	0.4916	1.26	5.1147
TRAESCS5B01G376900	6.6972	6.3113	8.1897	5.8466	20.769	85.1577
TRAESCS5B01G378700	4.8434	4.1102	5.5157	4.7867	7.4313	11.549
TRAESCS5B01G390500	6.9851	6.7059	9.483	7.1467	11.6349	16.8971
TRAESCS5B01G399800	1.3729	1.1279	6.1448	1.8428	23.4033	142.746
TRAESCS5B01G399900	0.1913	0.2073	0.3806	0.2659	1.3332	3.9063
TRAESCS5B01G404600	0.0992	0	0.0207	0.1814	2.4849	11.8319
TRAESCS5B01G430100	3.3703	4.0373	9.8151	3.8876	8.4202	30.7362
TRAESCS5B01G436300	0.4216	1.2604	2.7821	0.6461	2.7948	17.3847
TRAESCS5B01G452600	2.3297	2.1174	2.428	2.7941	4.4975	7.3864
TRAESCS5B01G474600	0.4182	1.3008	2.238	0.3409	2.4568	6.5191
TRAESCS5B01G479100	15.4542	16.5842	19.1347	15.3951	32.237	69.9562
TRAESCS5B01G479900	5.1513	8.6792	17.32	5.4117	14.1632	29.1356
TRAESCS5B01G489600	2.6709	2.9499	4.4211	3.3192	5.3551	17.8685
TRAESCS5B01G499600	4.7003	3.634	4.051	4.6988	6.2303	8.9588
TRAESCS5B01G528100	35.5853	53.7986	72.7979	32.8539	50.507	92.3628
TRAESCS5B01G549700	1.6677	1.657	1.6797	1.4283	3.1373	6.5233
TRAESCS5B01G557300	1.252	0.241	0.694	0.8206	3.1654	11.3965
TRAESCS5D01G019400	0.8143	1.2569	2.3374	1.3932	4.7307	17.1842
TRAESCS5D01G019700	18.0464	17.0978	18.0119	16.6601	26.9739	40.8214
TRAESCS5D01G019800	94.22	98.1481	98.4025	92.6753	165.6233	322.867
TRAESCS5D01G022000	5.0021	4.899	5.9634	4.8337	9.1235	21.3877
TRAESCS5D01G081900	6.1757	5.6634	6.9447	5.1825	7.9719	12.3362
TRAESCS5D01G097100	27.1795	22.411	29.3241	24.6702	39.7813	75.8079
TRAESCS5D01G101600	15.3744	16.5504	24.6794	16.1368	32.5809	57.0466
TRAESCS5D01G104700	4.4064	3.6601	4.0702	4.0064	5.8878	9.3956
TRAESCS5D01G117900	7.8079	5.6366	7.1183	7.0538	9.8316	14.9078
TRAESCS5D01G130600	0.6794	0.4364	0.9875	0.5626	1.0946	3.0662
TRAESCS5D01G141300	14.6043	17.4514	19.1837	13.7092	19.4941	24.9301
TRAESCS5D01G158800	6.8352	6.2689	8.9845	7.3922	12.7121	24.2441
TRAESCS5D01G159100	0.5728	0.3047	0.26	0.5141	1.6248	6.5819
TRAESCS5D01G165200	8.1592	7.0926	9.0483	8.1247	14.2658	51.1
TRAESCS5D01G172700	16.4346	17.6945	17.1183	15.2514	20.8977	29.0559
TRAESCS5D01G182500	4.4075	3.0956	5.811	3.7119	12.2202	58.8096
TRAESCS5D01G186200	16.4383	12.0505	14.1903	18.5789	83.3757	436.5613
TRAESCS5D01G191500	2.446	2.6864	5.8178	2.4462	9.0654	32.2026
TRAESCS5D01G193300	27.9039	27.5363	31.8637	24.6361	43.316	69.2118
TRAESCS5D01G211900	17.3153	17.693	22.6137	16.2568	25.3547	40.1482
TRAESCS5D01G212800	1.1289	0.9596	4.376	1.2949	9.2355	25.5513
TRAESCS5D01G218400	1.6334	1.002	1.4668	1.0574	39.9495	395.1707
TRAESCS5D01G218800	0.4998	0.6031	0.9461	0.4555	2.0868	6.7041
TRAESCS5D01G225300	0.8875	0.2978	0.5122	0.3699	5.3463	33.3083
TRAESCS5D01G241200	7.1794	6.2989	8.071	4.5206	24.7017	76.6343
TRAESCS5D01G243700	0.5897	0.5037	2.3938	0.6115	2.298	9.02
TRAESCS5D01G247600	5.9725	4.8251	5.2794	4.1859	8.7457	15.5274
TRAESCS5D01G253800	2.1159	3.1145	2.5724	1.3555	4.066	9.126
TRAESCS5D01G259300	2.2913	2.1372	2.3333	1.6999	4.4517	9.6285
TRAESCS5D01G259500	3.0626	4.8127	4.675	2.2737	4.9227	10.8931
TRAESCS5D01G277600	2.0113	1.5175	3.1303	1.8434	5.5589	17.1058
TRAESCS5D01G286500	24.724	19.2993	17.2194	22.718	40.9895	69.9125
TRAESCS5D01G292800	10.0685	8.0226	12.5853	9.7357	14.6697	32.8472
TRAESCS5D01G293700	0.4948	0.4709	0.6789	0.2181	0.8957	2.454
TRAESCS5D01G295300	12.1999	11.0022	13.363	11.7332	19.0662	32.8409
TRAESCS5D01G322700	12.4035	14.8216	16.3276	11.5443	22.2721	53.2228
TRAESCS5D01G322800	2.4243	2.6204	3.0101	2.561	3.8429	6.6645
TRAESCS5D01G328100	9.0983	8.4588	15.2949	6.127	28.5028	109.4752
TRAESCS5D01G340200	0.7213	0.5971	0.7042	0.8856	1.953	3.3532
TRAESCS5D01G384100	1.5558	0.9766	1.1951	2.2766	5.478	17.6115
TRAESCS5D01G384500	3.4812	3.6	4.9308	3.3117	10.7652	31.4024
TRAESCS5D01G391700	6.2751	7.283	8.9571	5.2373	9.8757	22.7291
TRAESCS5D01G395500	9.0277	9.9856	10.4146	8.9101	12.7294	19.7048
TRAESCS5D01G422000	28.4767	26.1574	27.2225	24.8154	45.3017	79.8455
TRAESCS5D01G425500	0.4949	0.6624	1.3832	0.3717	1.7752	5.0289
TRAESCS5D01G436900	5.7445	5.807	7.2664	4.9087	10.0858	19.9942
TRAESCS5D01G450200	1.9085	1.0636	2.9751	1.8129	5.1065	10.6816
TRAESCS5D01G485300	0.0373	0.1771	0.4505	0.1968	0.9945	3.8974
TRAESCS5D01G501700	3.7352	3.204	3.4925	3.1544	5.4922	10.281
TRAESCS5D01G505900	6.1913	6.3647	6.8787	6.1851	9.1951	17.299
TRAESCS5D01G515900	3.6602	2.9352	2.8474	2.7204	5.6518	13.6987
TRAESCS5D01G521800	4.2633	4.6968	4.2939	4.0679	6.2132	9.6315
TRAESCS5D01G531600	2.5588	2.1453	2.4345	1.7563	6.019	14.7004
TRAESCS5D01G540800	13.7197	9.6159	14.9897	9.3079	24.588	50.4563
TRAESCS5D01G543600	15.3549	14.7916	16.1793	13.6412	19.3681	30.9382
TRAESCS5D01G550700	6.0588	3.7494	7.9041	4.901	13.0953	32.322
TRAESCS5D01G560900	2.3665	1.1247	2.1925	2.1318	3.8597	8.8397
TRAESCS6A01G088700	10.8063	11.0687	10.8521	10.5854	17.511	33.3229
TRAESCS6A01G101800	31.2554	33.5286	50.6938	27.1453	66.9201	161.5593
TRAESCS6A01G101900	10.2773	10.9628	13.7119	8.1061	19.8562	41.0384
TRAESCS6A01G102200	7.2633	4.8917	6.4328	5.7471	11.9539	21.1385
TRAESCS6A01G116500	18.3715	16.2185	18.386	16.1868	25.8785	44.386
TRAESCS6A01G119100	17.9474	27.8089	35.2772	16.1936	28.3747	53.4549
TRAESCS6A01G121300	6.6577	4.2976	6.6071	5.2118	16.0893	115.3241
TRAESCS6A01G132400	0.3455	0.1173	0.3588	0.3713	1.6582	3.7123
TRAESCS6A01G144800	8.5829	7.2681	8.5866	8.7372	14.0669	23.4985
TRAESCS6A01G146400	0.5413	0.4881	0.6638	0.3979	2.2524	8.4562
TRAESCS6A01G147000	12.3783	12.9218	15.5343	13.3419	16.1592	22.925
TRAESCS6A01G153500	1.8382	1.8436	4.8158	1.0693	4.0475	11.8803
TRAESCS6A01G155500	4.8545	4.1012	5.9261	3.7357	8.5418	23.3042
TRAESCS6A01G177600	17.7239	20.9054	27.0474	15.2213	25.4037	44.096
TRAESCS6A01G177900	0.0933	0.3217	0.1867	0.0678	1.3677	6.5051
TRAESCS6A01G179300	10.0842	8.3121	10.4235	8.5924	13.3037	21.9609
TRAESCS6A01G181500	0.0875	0.0735	0.7743	0.0633	1.4618	8.947
TRAESCS6A01G182000	0.7159	0.5191	1.2972	0.7409	2.6124	6.7744
TRAESCS6A01G182500	7.9389	9.1514	12.839	7.6755	14.2077	34.2399
TRAESCS6A01G188800	21.6486	21.0012	19.6113	20.838	30.6365	39.289
TRAESCS6A01G195600	6.7261	7.3065	8.4491	6.4146	11.7605	25.0931
TRAESCS6A01G195800	1.4715	1.1421	2.1343	1.5724	4.0738	8.5792
TRAESCS6A01G215900	0.5165	0.3712	0.7587	0.3294	3.3272	8.9515
TRAESCS6A01G217200	1.3626	1.2232	1.2249	1.2616	3.1759	7.4576
TRAESCS6A01G232200	0.389	0.3588	0.5616	0.2487	2.4247	10.892
TRAESCS6A01G232400	9.4157	5.712	9.0334	9.8115	19.7382	36.3892
TRAESCS6A01G246800	9.2863	9.0027	9.9629	7.6119	13.1686	25.5247
TRAESCS6A01G257500	5.356	4.792	4.7279	4.4928	11.6613	24.5006
TRAESCS6A01G266600	12.4965	11.0089	15.9291	10.4048	15.71	27.6588
TRAESCS6A01G272800	0.4746	0.9529	2.1629	0.5141	1.1043	2.1687
TRAESCS6A01G279100	1.8055	0.9512	2.2004	1.7804	4.9807	17.31
TRAESCS6A01G283600	0.5977	0.3248	0.9519	0.4979	1.8293	4.2449
TRAESCS6A01G298800	0.2703	0.4605	0.4892	0.1951	0.9777	2.8466
TRAESCS6A01G299200	4.8003	3.7702	6.0352	4.9726	26.3007	79.1574
TRAESCS6A01G302400	1.3221	2.5701	2.0325	1.0142	3.046	7.4663
TRAESCS6A01G323700	11.1446	10.7467	11.1831	10.9107	17.1739	27.2956
TRAESCS6A01G334000	9.038	7.8078	12.9778	9.4115	21.5597	51.211
TRAESCS6A01G344000	5.3145	1.4076	2.2938	3.1857	50.1988	425.8407
TRAESCS6A01G375400	5.3624	4.1097	6.1431	5.7871	10.8279	24.945
TRAESCS6A01G390600	4.6221	3.4031	4.8092	3.0844	8.0647	23.3514
TRAESCS6A01G396400	31.02	29.8942	34.6213	27.3818	53.1667	80.0056
TRAESCS6A01G420100	9.6771	8.3543	10.7961	9.2419	13.5992	19.6675
TRAESCS6B01G041200	0.5219	0.2912	1.1977	0.5104	1.3852	2.4263
TRAESCS6B01G050700	2.0875	1.3893	2.3448	1.4943	5.3145	14.4775
TRAESCS6B01G056900	0.1943	0.4382	0.8639	0.3443	2.1124	10.236
TRAESCS6B01G080700	8.4921	5.3763	6.1547	8.4218	23.8827	68.6393
TRAESCS6B01G125000	2.7491	2.792	2.8692	2.533	3.9644	4.8809
TRAESCS6B01G129800	15.9925	14.8826	22.3181	14.0623	35.8372	66.1354
TRAESCS6B01G130100	14.2117	16.6007	18.7524	11.4751	29.3377	58.9056
TRAESCS6B01G139000	2.7126	3.1048	3.4812	1.9718	5.827	18.4105
TRAESCS6B01G144000	22.0124	18.9031	25.5865	22.8497	33.8448	53.6579
TRAESCS6B01G144500	14.4462	13.6837	15.5995	13.9242	18.9665	33.7245
TRAESCS6B01G147200	21.433	30.6118	46.7058	19.6781	43.2076	93.1406
TRAESCS6B01G153900	13.804	11.3409	11.8293	10.0493	27.1243	51.5112
TRAESCS6B01G174500	0.2538	0.4734	0.6778	0.3628	1.7408	5.456
TRAESCS6B01G182500	0.7347	1.9472	4.386	0.6803	6.8653	39.4642
TRAESCS6B01G188100	1.8759	1.8105	1.8079	1.7581	3.6281	9.7691
TRAESCS6B01G191100	0.6097	0.6721	0.883	0.7361	1.6543	4.6669
TRAESCS6B01G192400	3.7003	2.9054	3.3817	4.1488	6.8998	14.6566
TRAESCS6B01G206500	6.8896	5.47	7.4647	6.8972	10.7206	17.3579
TRAESCS6B01G207000	1.3424	1.1708	2.0208	1.1523	3.6405	13.3585
TRAESCS6B01G210800	1.1249	0.4323	1.1434	1.1361	2.6806	7.0269
TRAESCS6B01G216800	15.6778	12.2119	15.0027	15.3428	21.5244	27.7205
TRAESCS6B01G223100	5.893	6.0052	5.9646	5.8035	9.3436	14.7395
TRAESCS6B01G223200	1.1141	0.829	1.4198	1.0457	2.437	3.855
TRAESCS6B01G245500	1.783	1.6686	1.4188	1.5904	3.2648	7.059
TRAESCS6B01G260700	5.933	3.9085	8.0671	4.1686	16.8133	45.9077
TRAESCS6B01G263000	0.9815	2.5743	3.4051	0.7973	4.4795	15.6124
TRAESCS6B01G276700	20.2161	25.5139	36.8464	21.2826	49.7743	118.5487
TRAESCS6B01G290800	8.2934	6.423	8.3966	7.5348	12.4936	25.6455
TRAESCS6B01G290900	11.5209	9.1798	10.3794	8.9463	19.8665	55.1173
TRAESCS6B01G291400	0.3341	0.2598	0.5803	0.2372	2.0789	8.6707
TRAESCS6B01G294000	12.2024	10.3073	12.5952	11.133	19.1308	41.396
TRAESCS6B01G297900	6.8757	5.8372	4.6266	5.6609	9.7854	17.5899
TRAESCS6B01G300300	2.5969	1.2874	3.4054	3.1344	8.0998	41.3102
TRAESCS6B01G304200	4.9002	4.604	6.0555	4.0149	8.5366	22.3971
TRAESCS6B01G305500	0.2426	0.1563	0.4168	0.3235	1.4587	6.7226
TRAESCS6B01G306700	3.5204	2.9009	4.397	3.0494	6.1134	10.1902
TRAESCS6B01G307200	1.935	1.1529	2.3673	1.4323	5.1525	16.6588
TRAESCS6B01G308100	1.9419	2.0263	2.0985	1.8075	2.8579	4.2492
TRAESCS6B01G308400	4.0877	4.6826	4.6486	3.982	6.7014	10.1048
TRAESCS6B01G313500	1.7334	1.9167	2.1708	1.7674	4.1821	13.5009
TRAESCS6B01G316000	0.7582	0.3118	0.5	0.8271	1.3816	3.5364
TRAESCS6B01G328700	14.9103	11.6893	12.7444	13.794	31.9408	92.7468
TRAESCS6B01G334300	3.0739	1.8682	4.6549	2.3945	11.4123	76.6309
TRAESCS6B01G342500	4.7367	4.1458	5.4505	4.5724	6.9311	13.0919
TRAESCS6B01G365200	1.0321	0.3398	0.8365	0.8979	10.9926	55.5253
TRAESCS6B01G370900	2.6394	2.7729	3.494	2.5509	3.8272	6.8715
TRAESCS6B01G376200	4.6835	1.1537	1.8827	2.8825	46.62	639.2337
TRAESCS6B01G377200	3.4239	3.0454	4.2628	3.1709	5.0769	7.987
TRAESCS6B01G389200	30.5689	31.406	34.0169	32.6631	48.8117	73.7533
TRAESCS6B01G411600	16.937	19.3023	25.0978	17.4361	30.5658	49.2199
TRAESCS6B01G413000	7.3969	6.614	8.8957	7.0927	13.6153	23.2337
TRAESCS6B01G431000	5.5033	4.7656	6.7798	5.6587	11.6871	31.7048
TRAESCS6D01G002000	6.3821	7.8897	7.2038	6.8202	11.5454	20.5387
TRAESCS6D01G004200	4.0183	3.7761	4.5786	4.2323	6.505	11.0773
TRAESCS6D01G005600	12.7989	11.3311	14.8159	11.399	19.3152	31.6319
TRAESCS6D01G025000	0.5677	0.7528	1.1137	0.4879	1.2432	4.304
TRAESCS6D01G030400	3.5356	3.9588	4.5244	3.8005	8.1107	15.1362
TRAESCS6D01G064400	26.3115	23.2344	17.3431	25.9009	46.5051	82.4479
TRAESCS6D01G090200	37.9204	37.3097	53.6748	32.0218	81.2916	168.047
TRAESCS6D01G090400	10.2131	10.9789	14.6643	8.8832	22.2945	48.964
TRAESCS6D01G105000	16.695	15.3275	22.4876	17.9227	26.8584	45.432
TRAESCS6D01G125600	3.5757	5.4236	5.9079	3.8659	8.4166	16.8477
TRAESCS6D01G129800	3.6168	3.5274	3.4287	2.977	5.6909	9.3643
TRAESCS6D01G150400	4.5036	4.9834	3.9194	5.0663	8.8606	15.8859
TRAESCS6D01G151400	9.263	10.0208	12.1511	8.6374	12.9128	22.9767
TRAESCS6D01G154200	3.8781	3.5632	4.8987	3.989	6.9445	12.388
TRAESCS6D01G159100	5.0004	7.9651	10.7898	4.0215	9.5903	20.4235
TRAESCS6D01G162800	1.1744	1.5364	4.6689	1.2199	21.1285	114.3265
TRAESCS6D01G165800	8.0023	5.9467	8.4986	6.8474	10.8292	21.9398
TRAESCS6D01G169300	0.638	0.7448	1.1429	0.8433	2.846	8.7917
TRAESCS6D01G171300	3.6549	2.718	3.3561	3.0488	5.2023	8.1831
TRAESCS6D01G171800	11.2269	13.2304	21.1826	11.4677	20.6792	46.2953
TRAESCS6D01G178300	11.8992	8.1545	10.4203	10.6389	14.401	20.843
TRAESCS6D01G183200	7.7785	9.1947	8.9074	8.1744	12.2434	25.2737
TRAESCS6D01G186000	1.4473	1.8714	2.0565	1.4154	2.4742	4.4236
TRAESCS6D01G200200	1.54	1.4359	1.9816	1.2149	2.6817	5.7514
TRAESCS6D01G203000	1.3387	0.5657	1.2535	1.6103	3.9654	10.2135
TRAESCS6D01G203700	10.3973	9.3248	9.9631	10.0038	14.9062	29.7062
TRAESCS6D01G204800	0.2337	0.2391	0	0.1517	5.0516	25.4221
TRAESCS6D01G206600	0.4456	0.2355	0.4763	0.3499	1.2091	4.2823
TRAESCS6D01G207800	0.734	0.148	0.6676	0.4906	3.5034	10.3341
TRAESCS6D01G209200	19.3117	17.5357	19.2479	16.317	29.4501	51.8993
TRAESCS6D01G212000	32.3615	28.7807	31.867	30.7123	71.9676	184.4917
TRAESCS6D01G213800	1.2833	0.8546	1.3747	0.9353	2.5028	4.6958
TRAESCS6D01G215400	4.9601	3.238	7.6857	3.9662	12.9319	30.512
TRAESCS6D01G220300	1.4421	2.2939	3.7945	1.3133	4.0757	15.5354
TRAESCS6D01G221000	9.1279	10.1937	15.6542	8.7725	17.5505	29.9581
TRAESCS6D01G245000	1.1304	1.3474	1.5319	1.3293	3.1098	5.9129
TRAESCS6D01G246200	1.3383	1.5297	1.7671	1.4032	1.9356	3.4992
TRAESCS6D01G250400	0.373	0.3618	0.8284	0.4397	1.1861	3.693
TRAESCS6D01G255500	61.4162	53.3936	57.776	51.5061	74.6193	113.9397
TRAESCS6D01G257000	4.8	4.3207	5.9181	3.7245	6.6461	13.624
TRAESCS6D01G259500	0.3768	0.4725	0.6474	0.3519	1.4439	10.8935
TRAESCS6D01G262700	116.9047	106.4099	117.2473	123.7607	171.8183	291.4403
TRAESCS6D01G272800	4.7486	2.5675	3.004	4.5828	6.7895	10.1254
TRAESCS6D01G278900	11.2599	6.194	8.383	9.1541	33.5593	132.482
TRAESCS6D01G291700	5.4495	4.965	5.3938	5.6956	8.1209	15.4433
TRAESCS6D01G297800	2.3228	5.4853	4.5766	1.9047	4.0594	7.8644
TRAESCS6D01G298000	0.453	0.5251	0.9689	0.4962	1.0742	2.7908
TRAESCS6D01G325100	3.2721	0.5339	1.1987	2.0963	26.1835	306.0453
TRAESCS6D01G326300	4.933	3.9598	5.0548	4.7487	7.1371	13.4838
TRAESCS6D01G326400	21.8594	26.3128	27.1857	22.9218	36.7424	60.2353
TRAESCS6D01G328700	4.7058	3.8799	4.4298	4.3689	6.1394	8.6131
TRAESCS6D01G339200	18.6869	25.1009	34.1413	19.2033	43.8363	100.8347
TRAESCS6D01G344600	1.518	0.8539	1.3158	1.2308	2.2646	4.9296
TRAESCS6D01G350200	16.5002	21.5229	20.8909	19.1771	30.0993	44.339
TRAESCS6D01G358100	8.0529	8.4653	10.0036	7.8838	17.6618	33.8715
TRAESCS6D01G359900	6.7469	5.6615	7.4536	5.7805	11.0883	22.3811
TRAESCS6D01G376900	5.2331	4.2907	6.8538	5.5262	16.0804	43.5723
TRAESCS6D01G383500	7.4209	5.1825	7.2434	6.8451	11.7867	22.6118
TRAESCS7A01G003900	13.9826	14.2878	17.1256	14.4684	29.3209	51.4195
TRAESCS7A01G024800	0.5741	0.2098	0.5258	0.3982	3.4121	15.3221
TRAESCS7A01G032500	20.1854	16.1283	16.2107	16.8844	26.2647	50.1435
TRAESCS7A01G042800	2.9495	2.0906	1.9177	3.0553	4.3818	6.655
TRAESCS7A01G051000	6.5237	7.9965	10.169	6.1328	8.8012	15.8445
TRAESCS7A01G118900	3.5035	6.0531	12.3812	2.304	8.2523	28.0783
TRAESCS7A01G145100	1.0312	1.4861	1.8473	0.8101	3.0825	6.6752
TRAESCS7A01G168500	0.123	0.4605	0.2911	0.2963	1.4046	6.283
TRAESCS7A01G169500	14.6843	10.8827	13.5775	10.9849	22.7479	38.6943
TRAESCS7A01G182200	2.4028	1.7951	3.8876	1.8131	4.7616	12.6454
TRAESCS7A01G187500	0.7148	0.7531	1.1408	0.5617	1.1798	3.0177
TRAESCS7A01G230500	1.3697	1.7256	4.7241	1.4234	5.409	14.4262
TRAESCS7A01G232200	3.3241	3.4652	4.8449	4.3152	10.5282	25.8939
TRAESCS7A01G248200	11.7587	9.5174	8.7632	9.0298	14.7449	27.5504
TRAESCS7A01G251400	1.509	1.6454	2.2439	1.0159	4.0245	26.9227
TRAESCS7A01G254800	1.2526	1.3334	1.9308	1.5093	5.6652	14.8435
TRAESCS7A01G259500	10.6033	7.0537	7.3123	10.6912	20.3356	32.3207
TRAESCS7A01G267300	3.7095	2.4678	3.7816	2.8483	8.1625	15.3592
TRAESCS7A01G268600	11.155	8.8921	10.8482	10.1458	13.2813	16.2402
TRAESCS7A01G269800	9.9246	7.9625	10.9789	9.0991	12.812	18.0063
TRAESCS7A01G272500	32.4559	30.8272	50.2752	32.4269	82.5842	174.212
TRAESCS7A01G294000	3.2636	1.7448	1.8924	2.717	4.6626	8.5387
TRAESCS7A01G306600	0.9272	1.0763	3.2382	0.8344	11.8885	63.3842
TRAESCS7A01G307100	0.4837	1.6137	3.4524	0.358	3.864	16.4772
TRAESCS7A01G332000	27.6209	25.8833	24.4489	24.906	48.6732	86.6982
TRAESCS7A01G338900	9.3318	20.5531	46.9251	7.2448	49.9678	132.4657
TRAESCS7A01G343200	1.3488	1.2032	1.6556	1.2821	2.4217	4.3257
TRAESCS7A01G343800	101.5243	100.4795	117.2633	89.0643	133.439	208.6477
TRAESCS7A01G358100	0.3577	4.7512	11.0042	0.1806	2.54	16.0734
TRAESCS7A01G358900	0.7674	1.1552	1.143	0.6428	1.3205	3.0872
TRAESCS7A01G361900	9.2999	7.8738	11.534	9.0973	14.9343	27.4327
TRAESCS7A01G372600	15.4255	16.2775	21.6367	15.541	22.9521	41.5083
TRAESCS7A01G386100	23.6025	18.1468	21.4879	24.2071	38.3575	68.627
TRAESCS7A01G402000	3.0719	1.9361	3.3653	2.6298	4.4382	7.3906
TRAESCS7A01G410100	30.1793	29.6447	31.4706	30.9451	50.0847	86.2061
TRAESCS7A01G422200	1.1604	1.2671	2.4475	0.7726	2.1422	4.5353
TRAESCS7A01G462800	1.8872	1.5134	2.5454	1.9713	4.5206	8.4262
TRAESCS7A01G489500	55.8467	65.229	71.4315	54.9675	80.7952	123.9533
TRAESCS7A01G520800	9.1526	11.0491	13.8623	7.8583	16.3766	37.5823
TRAESCS7A01G559400	0.3233	0.2354	0.1723	0.366	1.6432	9.0031
TRAESCS7B01G074300	12.9991	12.1955	12.2668	12.8911	18.658	23.7488
TRAESCS7B01G104400	6.1231	5.7553	7.154	6.4936	10.7698	29.5751
TRAESCS7B01G127200	0.629	0.6639	1.1469	0.3921	1.3118	2.8984
TRAESCS7B01G127400	6.5664	5.1891	5.6956	5.2971	8.4319	14.0187
TRAESCS7B01G130600	7.2259	8.1109	7.4092	5.5149	20.5903	84.4049
TRAESCS7B01G153100	13.0199	13.3092	24.0101	10.7786	20.5277	37.1521
TRAESCS7B01G164400	0.7659	0.6754	1.1441	0.7207	2.4334	11.7896
TRAESCS7B01G177100	10.4796	7.4163	6.7469	9.4485	13.3597	20.3318
TRAESCS7B01G179600	0.1699	0.2671	0.2246	0.3702	1.016	2.3504
TRAESCS7B01G186300	4.3103	2.1908	2.7251	3.2964	5.7409	13.1698
TRAESCS7B01G187500	3.724	1.6504	3.2157	3.7761	6.9991	13.8692
TRAESCS7B01G193200	16.5539	14.0938	16.158	13.2601	25.5704	40.78
TRAESCS7B01G194700	0.8948	0.7372	0.7097	0.9716	1.9674	4.3852
TRAESCS7B01G201600	0.3031	0.0889	0.2227	0.282	0.7126	1.1306
TRAESCS7B01G202900	0.3845	0.825	2.6618	0.686	3.6873	29.0898
TRAESCS7B01G206900	1.9118	1.563	3.7685	1.375	14.2785	65.7675
TRAESCS7B01G210600	2.9864	2.8496	4.331	3.0252	5.0807	9.1702
TRAESCS7B01G213300	25.1294	26.3777	33.9851	27.1029	46.2449	90.1184
TRAESCS7B01G239300	88.8002	90.2932	99.2533	78.8113	126.65	208.482
TRAESCS7B01G250200	8.8351	18.6461	43.2	5.28	43.575	105.974
TRAESCS7B01G254400	12.4896	11.1604	14.9286	11.1727	18.384	41.0644
TRAESCS7B01G258300	2.1835	1.6191	2.2191	1.9116	4.0858	11.901
TRAESCS7B01G271700	0.5907	0.8919	0.6933	0.4953	0.9985	1.4856
TRAESCS7B01G273300	3.0173	2.6606	5.139	3.4298	10.623	24.3474
TRAESCS7B01G275300	6.8113	8.2689	10.8224	5.981	10.8049	18.2072
TRAESCS7B01G280400	26.0491	31.9737	32.4981	25.4793	42.6513	64.2117
TRAESCS7B01G309500	43.8166	32.8468	37.3733	42.0511	64.5164	95.6712
TRAESCS7B01G311600	2.536	2.4516	4.9691	2.6046	10.7668	51.5174
TRAESCS7B01G316500	8.5574	7.1765	13.6014	7.6125	14.5002	28.04
TRAESCS7B01G319900	10.1137	7.6081	6.9371	10.1456	13.6059	24.2126
TRAESCS7B01G320000	50.3456	45.6844	50.397	53.4377	76.6692	114.5924
TRAESCS7B01G320800	4.5753	5.4328	8.1908	4.6936	7.1958	17.4635
TRAESCS7B01G341200	2.4696	2.0136	3.5678	1.4265	13.3778	96.9987
TRAESCS7B01G383900	15.0464	35.4231	56.438	15.7547	25.3417	38.0935
TRAESCS7B01G437600	5.0729	5.0264	5.5327	4.3753	7.5032	14.5383
TRAESCS7B01G484200	0.6968	0.6949	0.6457	0.6045	2.1695	9.1333
TRAESCS7D01G009600	2.1466	2.1175	2.7433	2.2881	4.657	7.3274
TRAESCS7D01G056800	2.6107	2.3577	3.8619	3.0067	6.2518	13.7739
TRAESCS7D01G071200	0.0372	0.7761	0.7135	0.3221	7.3477	36.8609
TRAESCS7D01G078000	17.2372	15.4732	21.9762	15.6585	28.7107	45.9664
TRAESCS7D01G096600	7.6541	4.066	3.7345	5.023	12.2479	23.2769
TRAESCS7D01G098600	7.7442	7.4086	9.8666	5.7216	12.9417	26.5234
TRAESCS7D01G114100	2.0274	2.7703	5.0034	1.5727	4.9346	21.6814
TRAESCS7D01G114200	1.4618	2.1109	6.233	0.7953	3.3051	10.2038
TRAESCS7D01G116300	1.6449	3.2078	7.4236	0.9493	6.2068	42.5342
TRAESCS7D01G132600	1.3022	1.0854	1.5449	1.0217	1.923	3.5578
TRAESCS7D01G160300	2.4841	2.3046	3.5205	3.2909	8.5898	24.7049
TRAESCS7D01G165800	0.7967	0.732	0.8794	0.7519	2.5622	6.4406
TRAESCS7D01G183600	3.9166	3.0124	4.5373	3.1385	6.393	13.5358
TRAESCS7D01G193000	1.4251	0.9649	1.1607	1.2759	2.9718	6.7589
TRAESCS7D01G232300	3.067	2.4085	3.0449	3.0948	11.5298	71.8268
TRAESCS7D01G233700	9.1209	8.4995	14.0791	7.3648	16.4346	30.5509
TRAESCS7D01G236700	0.6399	0.8973	0.856	0.3505	1.6258	8.597
TRAESCS7D01G247000	12.5473	11.7806	9.5562	11.072	16.4278	30.3645
TRAESCS7D01G269200	8.1314	7.1115	8.6877	8.2647	11.4251	15.3013
TRAESCS7D01G269500	3.6461	3.1253	2.9463	3.1187	5.4062	9.0794
TRAESCS7D01G279900	6.169	7.778	8.7716	4.7294	18.7343	56.7464
TRAESCS7D01G295100	6.2374	5.2029	5.9131	5.484	10.3923	14.4837
TRAESCS7D01G296700	0.204	0.0887	0.2844	0.1538	0.4612	1.0382
TRAESCS7D01G310300	0.583	0.4199	0.3247	0.648	2.0492	6.635
TRAESCS7D01G323100	3.3314	2.912	3.0107	2.862	5.5654	9.1351
TRAESCS7D01G328500	14.5671	19.2504	23.1243	10.6518	46.1324	116.593
TRAESCS7D01G336000	0.1726	0	0	0.1129	8.1076	66.8203
TRAESCS7D01G338400	3.174	4.0563	3.1605	3.2379	5.6994	8.5577
TRAESCS7D01G352000	1.8681	1.9429	1.7501	1.3977	3.4025	6.786
TRAESCS7D01G353100	4.6372	3.8179	4.9047	4.318	7.6171	16.1531
TRAESCS7D01G364700	0.3302	6.248	11.7067	0.3847	2.7011	13.3816
TRAESCS7D01G375500	20.8094	26.4303	31.1375	22.4471	37.5203	58.6814
TRAESCS7D01G405500	4.0607	3.3293	6.1975	4.0089	11.6666	37.083
TRAESCS7D01G435200	0.3373	0.476	1.7591	0.6386	2.3274	15.0055
TRAESCS7D01G440200	0.5598	0.2497	0.7198	0.348	3.702	9.1727
TRAESCS7D01G458300	2.8853	2.2916	3.3296	2.7646	5.3992	9.3382
TRAESCS7D01G475900	66.065	74.8299	79.9325	64.0951	78.4322	102.922
TRAESCS7D01G482600	8.7424	7.4821	12.981	5.7059	24.1301	83.4023
TRAESCS7D01G483400	0.6995	0.4879	1.1214	0.437	2.6603	9.3333
TRAESCS7D01G510600	11.1523	10.3489	11.3691	10.4971	19.0407	40.661
TRAESCS7D01G532600	24.811	24.2749	22.5422	24.6258	35.2412	50.1859
TRAESCSU01G021900	3.9148	5.3836	5.9951	3.5778	7.3012	15.4899
TRAESCSU01G031300	3.6879	3.0309	3.3747	3.4275	4.9181	8.1556
TRAESCSU01G063500	2.891	2.5309	4.2868	3.0792	8.7287	60.5193
TRAESCSU01G064700	2.566	2.2303	4.5751	2.6	8.1091	21.336
TRAESCSU01G080700	19.8515	24.857	31.3276	19.9847	37.2054	72.7025
TRAESCSU01G121500	9.8694	9.9174	12.0909	9.6746	13.8781	20.0271
TRAESCSU01G143200	1.1343	0.9784	1.0158	1.3017	2.8438	4.948